ISO 8601 Time,Roll (degrees),Pitch (degrees),Yaw (degrees)
2021-04-05T12:18:51.000,-81.44,-82.91,28.65
2021-04-05T12:18:51.063,-83.26,-82.98,30.03
2021-04-05T12:18:51.125,-79.90,-82.99,27.34
2021-04-05T12:18:51.188,-81.79,-83.03,29.11
2021-04-05T12:18:51.250,-80.44,-82.96,27.09
2021-04-05T12:18:51.313,-80.84,-83.01,28.06
2021-04-05T12:18:51.375,-80.91,-82.95,27.36
2021-04-05T12:18:51.438,-82.49,-82.83,29.09
2021-04-05T12:18:51.500,-81.91,-82.92,28.85
2021-04-05T12:18:51.563,-81.51,-82.87,27.81
2021-04-05T12:18:51.625,-80.84,-83.00,27.66
2021-04-05T12:18:51.688,-80.98,-82.89,28.06
2021-04-05T12:18:51.750,-81.91,-82.93,28.86
2021-04-05T12:18:51.813,-81.97,-82.84,28.69
2021-04-05T12:18:51.875,-81.31,-83.03,27.98
2021-04-05T12:18:51.938,-81.05,-82.85,28.03
2021-04-05T12:18:52.000,-81.05,-82.86,28.04
2021-04-05T12:18:52.063,-81.18,-83.13,28.53
2021-04-05T12:18:52.125,-81.44,-82.91,28.48
2021-04-05T12:18:52.188,-82.03,-82.80,29.07
2021-04-05T12:18:52.250,-81.44,-82.90,28.16
2021-04-05T12:18:52.313,-81.97,-82.85,28.75
2021-04-05T12:18:52.375,-81.05,-82.82,28.10
2021-04-05T12:18:52.438,-81.91,-82.93,29.18
2021-04-05T12:18:52.500,-81.97,-82.86,28.81
2021-04-05T12:18:52.563,-81.31,-83.04,27.94
2021-04-05T12:18:52.625,-82.43,-82.87,29.49
2021-04-05T12:18:52.688,-80.66,-82.78,27.50
2021-04-05T12:18:52.750,-81.38,-82.95,28.87
2021-04-05T12:18:52.813,-82.54,-82.75,29.25
2021-04-05T12:18:52.875,-81.05,-82.83,28.36
2021-04-05T12:18:52.938,-81.97,-82.86,29.52
2021-04-05T12:18:53.000,-82.38,-82.93,28.56
2021-04-05T12:18:53.063,-82.03,-82.80,28.21
2021-04-05T12:18:53.125,-81.38,-82.96,29.01
2021-04-05T12:18:53.188,-81.38,-82.97,28.44
2021-04-05T12:18:53.250,-81.25,-83.07,28.45
2021-04-05T12:18:53.313,-82.43,-82.88,29.02
2021-04-05T12:18:53.375,-81.38,-82.95,28.36
2021-04-05T12:18:53.438,-80.98,-82.91,28.15
2021-04-05T12:18:53.500,-82.26,-83.01,29.61
2021-04-05T12:18:53.563,-80.98,-82.90,27.23
2021-04-05T12:18:53.625,-82.62,-83.17,29.72
2021-04-05T12:18:53.688,-81.91,-82.91,27.84
2021-04-05T12:18:53.750,-81.38,-82.94,28.63
2021-04-05T12:18:53.813,-81.38,-82.98,27.94
2021-04-05T12:18:53.875,-82.38,-82.90,29.73
2021-04-05T12:18:53.938,-81.31,-83.04,27.80
2021-04-05T12:18:54.000,-81.79,-83.00,28.93
2021-04-05T12:18:54.063,-81.05,-82.83,27.73
2021-04-05T12:18:54.125,-82.38,-82.93,29.64
2021-04-05T12:18:54.188,-82.32,-82.96,30.19
2021-04-05T12:18:54.250,-82.84,-82.94,30.38
2021-04-05T12:18:54.313,-82.43,-82.87,28.82
2021-04-05T12:18:54.375,-82.38,-82.93,28.99
2021-04-05T12:18:54.438,-81.05,-82.83,28.65
2021-04-05T12:18:54.500,-81.31,-83.01,28.70
2021-04-05T12:18:54.563,-81.85,-82.95,28.73
2021-04-05T12:18:54.625,-81.57,-82.79,28.74
2021-04-05T12:18:54.688,-82.38,-82.91,29.11
2021-04-05T12:18:54.750,-81.85,-82.97,28.82
2021-04-05T12:18:54.813,-82.32,-82.98,29.12
2021-04-05T12:18:54.875,-81.97,-82.85,28.63
2021-04-05T12:18:54.938,-81.97,-82.85,28.50
2021-04-05T12:18:55.000,-81.51,-82.84,28.78
2021-04-05T12:18:55.063,-81.45,-82.89,28.84
2021-04-05T12:18:55.125,-81.44,-82.93,28.75
2021-04-05T12:18:55.188,-82.43,-82.85,29.07
2021-04-05T12:18:55.250,-81.44,-82.92,28.27
2021-04-05T12:18:55.313,-81.72,-83.11,28.77
2021-04-05T12:18:55.375,-82.89,-82.89,30.30
2021-04-05T12:18:55.438,-80.98,-82.90,28.56
2021-04-05T12:18:55.500,-82.43,-82.86,29.92
2021-04-05T12:18:55.563,-81.44,-82.90,29.09
2021-04-05T12:18:55.625,-81.38,-82.97,28.00
2021-04-05T12:18:55.688,-81.85,-82.96,28.74
2021-04-05T12:18:55.750,-80.84,-83.00,27.88
2021-04-05T12:18:55.813,-81.85,-82.97,28.71
2021-04-05T12:18:55.875,-81.97,-82.84,29.10
2021-04-05T12:18:55.938,-81.44,-82.93,27.74
2021-04-05T12:18:56.000,-81.91,-82.93,29.10
2021-04-05T12:18:56.063,-81.38,-82.98,28.27
2021-04-05T12:18:56.125,-81.91,-82.90,28.53
2021-04-05T12:18:56.188,-80.91,-82.97,28.37
2021-04-05T12:18:56.250,-80.77,-83.08,27.94
2021-04-05T12:18:56.313,-81.91,-82.91,28.70
2021-04-05T12:18:56.375,-81.38,-82.96,28.07
2021-04-05T12:18:56.438,-81.51,-82.85,28.78
2021-04-05T12:18:56.500,-80.91,-82.96,28.34
2021-04-05T12:18:56.563,-81.51,-82.82,29.35
2021-04-05T12:18:56.625,-80.91,-82.97,27.62
2021-04-05T12:18:56.688,-81.05,-82.83,28.01
2021-04-05T12:18:56.750,-82.43,-82.85,29.63
2021-04-05T12:18:56.813,-81.97,-82.86,29.26
2021-04-05T12:18:56.875,-80.37,-83.01,27.64
2021-04-05T12:18:56.938,-81.85,-82.95,27.96
2021-04-05T12:18:57.000,-81.44,-82.92,27.28
2021-04-05T12:18:57.063,-82.38,-82.93,29.32
2021-04-05T12:18:57.125,-80.91,-82.97,27.69
2021-04-05T12:18:57.188,-81.51,-82.85,27.79
2021-04-05T12:18:57.250,-82.38,-82.91,29.69
2021-04-05T12:18:57.313,-82.49,-82.83,29.30
2021-04-05T12:18:57.375,-81.97,-82.88,28.25
2021-04-05T12:18:57.438,-82.54,-82.76,28.88
2021-04-05T12:18:57.500,-81.79,-83.01,28.86
2021-04-05T12:18:57.563,-81.97,-82.85,29.21
2021-04-05T12:18:57.625,-82.38,-82.90,29.00
2021-04-05T12:18:57.688,-81.85,-82.95,29.37
2021-04-05T12:18:57.750,-80.91,-82.97,27.52
2021-04-05T12:18:57.813,-81.44,-82.91,28.18
2021-04-05T12:18:57.875,-81.31,-83.01,28.69
2021-04-05T12:18:57.938,-80.45,-82.94,27.81
2021-04-05T12:18:58.000,-81.05,-82.83,27.59
2021-04-05T12:18:58.063,-81.85,-82.96,28.77
2021-04-05T12:18:58.125,-81.85,-82.98,28.87
2021-04-05T12:18:58.188,-81.38,-82.96,28.96
2021-04-05T12:18:58.250,-81.85,-82.99,29.22
2021-04-05T12:18:58.313,-81.44,-82.91,28.43
2021-04-05T12:18:58.375,-80.92,-82.92,27.81
2021-04-05T12:18:58.438,-82.90,-82.88,29.15
2021-04-05T12:18:58.500,-81.91,-82.93,28.88
2021-04-05T12:18:58.563,-82.43,-82.88,29.79
2021-04-05T12:18:58.625,-81.38,-82.97,27.91
2021-04-05T12:18:58.688,-82.49,-82.82,29.47
2021-04-05T12:18:58.750,-82.43,-82.85,29.41
2021-04-05T12:18:58.813,-81.25,-83.07,28.14
2021-04-05T12:18:58.875,-81.31,-83.01,27.92
2021-04-05T12:18:58.938,-81.24,-83.10,27.76
2021-04-05T12:18:59.000,-81.85,-82.97,28.99
2021-04-05T12:18:59.063,-80.52,-82.89,27.41
2021-04-05T12:18:59.125,-81.57,-82.80,28.53
2021-04-05T12:18:59.188,-81.91,-82.91,29.13
2021-04-05T12:18:59.250,-81.45,-82.90,28.66
2021-04-05T12:18:59.313,-81.91,-82.93,29.27
2021-04-05T12:18:59.375,-80.45,-82.93,26.78
2021-04-05T12:18:59.438,-81.91,-82.92,28.98
2021-04-05T12:18:59.500,-81.44,-82.90,28.37
2021-04-05T12:18:59.563,-81.38,-82.95,28.44
2021-04-05T12:18:59.625,-81.85,-82.97,28.64
2021-04-05T12:18:59.688,-81.91,-82.90,29.18
2021-04-05T12:18:59.750,-80.84,-82.99,27.49
2021-04-05T12:18:59.813,-81.51,-82.85,28.62
2021-04-05T12:18:59.875,-81.85,-82.97,28.62
2021-04-05T12:18:59.938,-82.09,-82.73,29.14
2021-04-05T12:19:00.000,-81.12,-82.78,27.90
2021-04-05T12:19:00.063,-81.57,-82.80,27.98
2021-04-05T12:19:00.125,-81.38,-82.96,28.24
2021-04-05T12:19:00.188,-80.59,-82.82,27.51
2021-04-05T12:19:00.250,-80.77,-83.05,28.42
2021-04-05T12:19:00.313,-81.38,-82.95,28.19
2021-04-05T12:19:00.375,-81.85,-82.97,29.58
2021-04-05T12:19:00.438,-82.43,-82.85,30.17
2021-04-05T12:19:00.500,-81.12,-82.77,28.16
2021-04-05T12:19:00.563,-82.32,-83.01,28.59
2021-04-05T12:19:00.625,-79.59,-82.88,26.54
2021-04-05T12:19:00.688,-82.90,-82.87,29.74
2021-04-05T12:19:00.750,-82.43,-82.87,30.04
2021-04-05T12:19:00.813,-81.97,-82.86,28.87
2021-04-05T12:19:00.875,-81.44,-82.90,27.59
2021-04-05T12:19:00.938,-81.44,-82.93,28.23
2021-04-05T12:19:01.000,-81.97,-82.85,28.57
2021-04-05T12:19:01.063,-81.85,-82.98,28.29
2021-04-05T12:19:01.125,-81.91,-82.92,28.80
2021-04-05T12:19:01.188,-80.98,-82.88,27.45
2021-04-05T12:19:01.250,-80.37,-83.03,27.06
2021-04-05T12:19:01.313,-80.45,-82.92,27.39
2021-04-05T12:19:01.375,-79.82,-83.06,26.61
2021-04-05T12:19:01.438,-80.98,-82.89,27.99
2021-04-05T12:19:01.500,-80.91,-82.96,26.86
2021-04-05T12:19:01.563,-81.05,-82.83,27.79
2021-04-05T12:19:01.625,-81.51,-82.82,28.40
2021-04-05T12:19:01.688,-81.38,-82.98,28.09
2021-04-05T12:19:01.750,-81.91,-82.93,28.12
2021-04-05T12:19:01.813,-81.45,-82.85,27.47
2021-04-05T12:19:01.875,-81.57,-82.80,28.49
2021-04-05T12:19:01.938,-81.85,-82.94,28.64
2021-04-05T12:19:02.000,-82.14,-82.78,28.56
2021-04-05T12:19:02.063,-81.31,-83.03,27.57
2021-04-05T12:19:02.125,-80.98,-82.90,26.54
2021-04-05T12:19:02.188,-80.06,-82.86,25.50
2021-04-05T12:19:02.250,-80.91,-82.98,27.01
2021-04-05T12:19:02.313,-81.05,-82.82,26.42
2021-04-05T12:19:02.375,-81.91,-82.93,28.58
2021-04-05T12:19:02.438,-81.31,-83.01,28.24
2021-04-05T12:19:02.500,-81.85,-82.97,27.98
2021-04-05T12:19:02.563,-81.11,-82.83,27.44
2021-04-05T12:19:02.625,-81.57,-82.78,27.19
2021-04-05T12:19:02.688,-80.30,-83.05,27.00
2021-04-05T12:19:02.750,-79.60,-82.85,25.77
2021-04-05T12:19:02.813,-80.98,-82.89,26.95
2021-04-05T12:19:02.875,-81.97,-82.86,28.91
2021-04-05T12:19:02.938,-81.51,-82.83,27.85
2021-04-05T12:19:03.000,-82.43,-82.88,28.74
2021-04-05T12:19:03.063,-82.84,-82.93,29.44
2021-04-05T12:19:03.125,-80.98,-82.90,27.65
2021-04-05T12:19:03.188,-81.44,-82.93,27.99
2021-04-05T12:19:03.250,-79.13,-82.88,25.93
2021-04-05T12:19:03.313,-80.91,-82.94,26.70
2021-04-05T12:19:03.375,-81.44,-82.93,27.38
2021-04-05T12:19:03.438,-81.38,-82.98,27.41
2021-04-05T12:19:03.500,-82.43,-82.87,28.76
2021-04-05T12:19:03.563,-81.44,-82.92,27.46
2021-04-05T12:19:03.625,-82.38,-82.93,28.95
2021-04-05T12:19:03.688,-81.57,-82.82,27.41
2021-04-05T12:19:03.750,-79.52,-82.92,25.74
2021-04-05T12:19:03.813,-81.57,-82.77,27.66
2021-04-05T12:19:03.875,-82.03,-82.79,28.93
2021-04-05T12:19:03.938,-82.44,-82.83,28.76
2021-04-05T12:19:04.000,-81.05,-82.82,27.80
2021-04-05T12:19:04.063,-81.91,-82.94,27.99
2021-04-05T12:19:04.125,-81.44,-82.92,27.44
2021-04-05T12:19:04.188,-81.79,-83.03,27.69
2021-04-05T12:19:04.250,-81.85,-82.96,28.86
2021-04-05T12:19:04.313,-82.73,-83.05,29.14
2021-04-05T12:19:04.375,-80.98,-82.90,27.32
2021-04-05T12:19:04.438,-81.05,-82.84,27.73
2021-04-05T12:19:04.500,-80.45,-82.93,27.85
2021-04-05T12:19:04.563,-80.52,-82.89,27.70
2021-04-05T12:19:04.625,-81.57,-82.80,28.92
2021-04-05T12:19:04.688,-80.84,-83.02,27.86
2021-04-05T12:19:04.750,-81.25,-83.08,28.07
2021-04-05T12:19:04.813,-82.03,-82.79,29.41
2021-04-05T12:19:04.875,-80.91,-82.98,27.97
2021-04-05T12:19:04.938,-81.97,-82.83,28.83
2021-04-05T12:19:05.000,-81.85,-82.98,29.19
2021-04-05T12:19:05.063,-80.84,-83.00,27.86
2021-04-05T12:19:05.125,-81.05,-82.85,28.00
2021-04-05T12:19:05.188,-82.03,-82.78,29.16
2021-04-05T12:19:05.250,-81.97,-82.85,28.34
2021-04-05T12:19:05.313,-82.03,-82.78,29.68
2021-04-05T12:19:05.375,-80.59,-82.84,28.13
2021-04-05T12:19:05.438,-80.44,-82.97,27.27
2021-04-05T12:19:05.500,-81.31,-83.03,28.36
2021-04-05T12:19:05.563,-82.38,-82.91,30.17
2021-04-05T12:19:05.625,-81.44,-82.90,29.26
2021-04-05T12:19:05.688,-81.31,-83.04,28.37
2021-04-05T12:19:05.750,-80.52,-82.89,27.15
2021-04-05T12:19:05.813,-81.38,-82.96,28.55
2021-04-05T12:19:05.875,-81.97,-82.86,29.05
2021-04-05T12:19:05.938,-80.44,-82.97,27.91
2021-04-05T12:19:06.000,-82.03,-82.85,28.74
2021-04-05T12:19:06.063,-80.98,-82.89,28.37
2021-04-05T12:19:06.125,-81.45,-82.90,28.29
2021-04-05T12:19:06.188,-81.38,-82.97,28.52
2021-04-05T12:19:06.250,-81.91,-82.92,28.51
2021-04-05T12:19:06.313,-79.90,-82.99,26.86
2021-04-05T12:19:06.375,-81.44,-82.91,27.16
2021-04-05T12:19:06.438,-81.05,-82.86,27.74
2021-04-05T12:19:06.500,-81.97,-82.84,29.00
2021-04-05T12:19:06.563,-80.91,-82.96,28.80
2021-04-05T12:19:06.625,-81.51,-82.87,29.06
2021-04-05T12:19:06.688,-82.38,-82.92,30.41
2021-04-05T12:19:06.750,-81.51,-82.85,29.33
2021-04-05T12:19:06.813,-81.91,-82.90,28.97
2021-04-05T12:19:06.875,-80.37,-83.02,27.01
2021-04-05T12:19:06.938,-80.84,-83.01,27.70
2021-04-05T12:19:07.000,-81.05,-82.85,27.54
2021-04-05T12:19:07.063,-80.98,-82.87,28.45
2021-04-05T12:19:07.125,-81.44,-82.93,28.95
2021-04-05T12:19:07.188,-82.54,-82.75,29.37
2021-04-05T12:19:07.250,-80.52,-82.89,27.63
2021-04-05T12:19:07.313,-80.44,-82.95,27.53
2021-04-05T12:19:07.375,-81.85,-82.98,29.25
2021-04-05T12:19:07.438,-82.32,-82.97,29.56
2021-04-05T12:19:07.500,-81.57,-82.79,28.90
2021-04-05T12:19:07.563,-81.85,-82.95,28.79
2021-04-05T12:19:07.625,-81.91,-82.90,28.81
2021-04-05T12:19:07.688,-80.91,-82.97,28.45
2021-04-05T12:19:07.750,-80.37,-82.98,27.26
2021-04-05T12:19:07.813,-81.45,-82.88,28.61
2021-04-05T12:19:07.875,-80.91,-82.94,27.84
2021-04-05T12:19:07.938,-81.91,-82.93,29.29
2021-04-05T12:19:08.000,-80.13,-82.81,27.07
2021-04-05T12:19:08.063,-80.98,-82.87,27.39
2021-04-05T12:19:08.125,-81.05,-82.82,28.48
2021-04-05T12:19:08.188,-82.44,-82.84,29.35
2021-04-05T12:19:08.250,-81.97,-82.86,28.90
2021-04-05T12:19:08.313,-81.79,-83.02,28.48
2021-04-05T12:19:08.375,-81.38,-82.95,27.49
2021-04-05T12:19:08.438,-82.38,-82.90,29.70
2021-04-05T12:19:08.500,-81.91,-82.92,29.16
2021-04-05T12:19:08.563,-80.98,-82.93,28.19
2021-04-05T12:19:08.625,-81.85,-82.96,28.24
2021-04-05T12:19:08.688,-81.85,-82.96,29.10
2021-04-05T12:19:08.750,-81.85,-82.97,28.40
2021-04-05T12:19:08.813,-80.98,-82.90,28.31
2021-04-05T12:19:08.875,-81.38,-82.97,28.12
2021-04-05T12:19:08.938,-82.43,-82.87,28.90
2021-04-05T12:19:09.000,-80.91,-82.92,27.58
2021-04-05T12:19:09.063,-81.51,-82.84,28.59
2021-04-05T12:19:09.125,-82.38,-82.91,29.03
2021-04-05T12:19:09.188,-81.31,-83.03,28.45
2021-04-05T12:19:09.250,-81.57,-82.80,28.79
2021-04-05T12:19:09.313,-80.98,-82.89,28.29
2021-04-05T12:19:09.375,-81.44,-82.91,28.19
2021-04-05T12:19:09.438,-80.52,-82.89,27.33
2021-04-05T12:19:09.500,-80.84,-83.02,27.34
2021-04-05T12:19:09.563,-81.91,-82.91,28.25
2021-04-05T12:19:09.625,-80.44,-82.96,27.54
2021-04-05T12:19:09.688,-80.84,-83.01,28.06
2021-04-05T12:19:09.750,-81.44,-82.93,29.09
2021-04-05T12:19:09.813,-81.38,-82.98,28.62
2021-04-05T12:19:09.875,-81.97,-82.87,28.64
2021-04-05T12:19:09.938,-80.98,-82.90,27.61
2021-04-05T12:19:10.000,-82.79,-82.98,30.10
2021-04-05T12:19:10.063,-82.03,-82.80,28.77
2021-04-05T12:19:10.125,-81.32,-83.00,28.74
2021-04-05T12:19:10.188,-80.98,-82.92,28.58
2021-04-05T12:19:10.250,-80.59,-82.86,27.65
2021-04-05T12:19:10.313,-80.98,-82.90,28.65
2021-04-05T12:19:10.375,-79.90,-82.99,27.50
2021-04-05T12:19:10.438,-81.85,-82.97,28.48
2021-04-05T12:19:10.500,-82.03,-82.81,28.64
2021-04-05T12:19:10.563,-82.49,-82.82,30.20
2021-04-05T12:19:10.625,-82.32,-82.98,29.16
2021-04-05T12:19:10.688,-80.30,-83.06,27.50
2021-04-05T12:19:10.750,-80.91,-82.93,28.09
2021-04-05T12:19:10.813,-81.91,-82.93,28.83
2021-04-05T12:19:10.875,-80.84,-83.02,27.74
2021-04-05T12:19:10.938,-81.44,-82.90,27.93
2021-04-05T12:19:11.000,-81.31,-83.03,28.49
2021-04-05T12:19:11.063,-81.38,-82.98,28.48
2021-04-05T12:19:11.125,-80.98,-82.88,28.41
2021-04-05T12:19:11.188,-81.79,-83.03,28.60
2021-04-05T12:19:11.250,-82.43,-82.86,29.20
2021-04-05T12:19:11.313,-82.90,-82.86,28.91
2021-04-05T12:19:11.375,-81.91,-82.92,28.13
2021-04-05T12:19:11.438,-81.38,-82.95,28.28
2021-04-05T12:19:11.500,-81.44,-82.93,28.54
2021-04-05T12:19:11.563,-80.91,-82.93,28.33
2021-04-05T12:19:11.625,-81.38,-82.98,28.15
2021-04-05T12:19:11.688,-81.85,-82.95,29.21
2021-04-05T12:19:11.750,-80.44,-82.96,27.24
2021-04-05T12:19:11.813,-82.49,-82.83,29.52
2021-04-05T12:19:11.875,-80.52,-82.87,27.12
2021-04-05T12:19:11.938,-82.90,-82.88,29.25
2021-04-05T12:19:12.000,-81.05,-82.85,28.11
2021-04-05T12:19:12.063,-79.73,-83.48,27.39
2021-04-05T12:19:12.125,-81.97,-82.84,27.93
2021-04-05T12:19:12.188,-79.38,-83.69,26.44
2021-04-05T12:19:12.250,-74.11,-85.66,23.47
2021-04-05T12:19:12.313,-75.23,-85.34,23.59
2021-04-05T12:19:12.375,-86.46,-78.65,30.87
2021-04-05T12:19:12.438,-82.09,-82.72,28.40
2021-04-05T12:19:12.500,-78.26,-84.65,26.37
2021-04-05T12:19:12.563,-79.34,-84.09,26.37
2021-04-05T12:19:12.625,-80.77,-83.07,27.95
2021-04-05T12:19:12.688,-82.54,-82.74,29.97
2021-04-05T12:19:12.750,-80.29,-83.08,28.33
2021-04-05T12:19:12.813,-81.79,-83.00,28.90
2021-04-05T12:19:12.875,-81.57,-82.81,27.93
2021-04-05T12:19:12.938,-82.09,-82.74,27.61
2021-04-05T12:19:13.000,-80.84,-83.00,27.95
2021-04-05T12:19:13.063,-81.05,-82.85,28.64
2021-04-05T12:19:13.125,-81.97,-82.87,27.89
2021-04-05T12:19:13.188,-79.98,-82.96,27.29
2021-04-05T12:19:13.250,-80.98,-82.92,28.33
2021-04-05T12:19:13.313,-81.91,-82.90,28.96
2021-04-05T12:19:13.375,-79.98,-82.96,27.47
2021-04-05T12:19:13.438,-81.85,-82.97,28.95
2021-04-05T12:19:13.500,-81.44,-82.90,28.04
2021-04-05T12:19:13.563,-80.98,-82.91,28.09
2021-04-05T12:19:13.625,-82.44,-82.83,29.37
2021-04-05T12:19:13.688,-82.84,-82.95,30.01
2021-04-05T12:19:13.750,-81.31,-83.00,27.89
2021-04-05T12:19:13.813,-82.38,-82.93,29.01
2021-04-05T12:19:13.875,-81.45,-82.89,28.45
2021-04-05T12:19:13.938,-80.66,-82.77,27.47
2021-04-05T12:19:14.000,-82.15,-82.67,29.01
2021-04-05T12:19:14.063,-82.90,-82.35,29.72
2021-04-05T12:19:14.125,-70.12,-86.34,18.76
2021-04-05T12:19:14.188,-83.23,-81.94,28.97
2021-04-05T12:19:14.250,-80.55,-83.27,27.47
2021-04-05T12:19:14.313,-78.01,-85.05,24.72
2021-04-05T12:19:14.375,-82.21,-82.59,28.66
2021-04-05T12:19:14.438,-80.15,-83.54,26.98
2021-04-05T12:19:14.500,-80.47,-83.31,26.63
2021-04-05T12:19:14.563,-79.47,-83.64,25.87
2021-04-05T12:19:14.625,-78.37,-84.28,25.60
2021-04-05T12:19:14.688,-79.99,-84.02,26.75
2021-04-05T12:19:14.750,-80.25,-83.84,27.23
2021-04-05T12:19:14.813,-81.85,-82.97,27.76
2021-04-05T12:19:14.875,-79.09,-83.90,25.32
2021-04-05T12:19:14.938,-79.38,-83.71,24.65
2021-04-05T12:19:15.000,-84.40,-78.88,27.87
2021-04-05T12:19:15.063,-81.99,-82.35,21.86
2021-04-05T12:19:15.125,67.60,-86.95,-130.86
2021-04-05T12:19:15.188,88.19,-57.46,-148.82
2021-04-05T12:19:15.250,89.02,-29.28,-146.85
2021-04-05T12:19:15.313,88.83,-24.03,-150.00
2021-04-05T12:19:15.375,89.15,-9.41,-150.88
2021-04-05T12:19:15.438,88.77,-2.52,-148.95
2021-04-05T12:19:15.500,89.27,-3.48,-149.68
2021-04-05T12:19:15.563,89.09,-4.79,-150.13
2021-04-05T12:19:15.625,89.10,-4.51,-149.78
2021-04-05T12:19:15.688,89.21,-4.67,-150.95
2021-04-05T12:19:15.750,88.93,-4.72,-150.48
2021-04-05T12:19:15.813,89.10,-4.62,-151.19
2021-04-05T12:19:15.875,89.04,-4.56,-150.45
2021-04-05T12:19:15.938,89.09,-4.68,-150.45
2021-04-05T12:19:16.000,89.22,-5.72,-152.28
2021-04-05T12:19:16.063,88.91,-0.83,-148.87
2021-04-05T12:19:16.125,88.77,-1.83,-149.51
2021-04-05T12:19:16.188,88.76,-3.09,-150.65
2021-04-05T12:19:16.250,88.66,-2.85,-150.51
2021-04-05T12:19:16.313,88.82,-2.75,-150.34
2021-04-05T12:19:16.375,88.88,-2.97,-150.89
2021-04-05T12:19:16.438,88.87,-3.04,-150.83
2021-04-05T12:19:16.500,88.87,-2.93,-150.58
2021-04-05T12:19:16.563,88.94,-2.92,-150.73
2021-04-05T12:19:16.625,88.76,-2.93,-150.66
2021-04-05T12:19:16.688,88.93,-2.98,-149.79
2021-04-05T12:19:16.750,88.71,-2.92,-149.84
2021-04-05T12:19:16.813,88.82,-2.92,-150.05
2021-04-05T12:19:16.875,88.82,-2.80,-150.76
2021-04-05T12:19:16.938,88.93,-2.98,-150.95
2021-04-05T12:19:17.000,88.82,-2.86,-150.59
2021-04-05T12:19:17.063,88.88,-2.85,-150.25
2021-04-05T12:19:17.125,88.82,-2.75,-150.53
2021-04-05T12:19:17.188,88.99,-3.21,-150.54
2021-04-05T12:19:17.250,88.88,-2.92,-150.48
2021-04-05T12:19:17.313,88.82,-2.97,-150.55
2021-04-05T12:19:17.375,88.82,-3.03,-150.77
2021-04-05T12:19:17.438,88.88,-2.86,-150.94
2021-04-05T12:19:17.500,88.88,-2.86,-150.17
2021-04-05T12:19:17.563,88.82,-2.86,-150.20
2021-04-05T12:19:17.625,88.99,-2.98,-150.42
2021-04-05T12:19:17.688,88.82,-2.93,-150.62
2021-04-05T12:19:17.750,88.98,-2.88,-150.46
2021-04-05T12:19:17.813,88.82,-3.09,-150.61
2021-04-05T12:19:17.875,88.88,-2.97,-150.31
2021-04-05T12:19:17.938,88.99,-2.98,-151.39
2021-04-05T12:19:18.000,88.76,-2.98,-150.49
2021-04-05T12:19:18.063,88.93,-2.87,-150.11
2021-04-05T12:19:18.125,88.70,-2.81,-150.26
2021-04-05T12:19:18.188,88.94,-2.97,-150.46
2021-04-05T12:19:18.250,88.88,-2.92,-150.57
2021-04-05T12:19:18.313,88.93,-2.70,-150.80
2021-04-05T12:19:18.375,88.88,-2.92,-151.06
2021-04-05T12:19:18.438,88.88,-2.81,-150.14
2021-04-05T12:19:18.500,88.87,-2.81,-150.03
2021-04-05T12:19:18.563,88.88,-2.98,-150.22
2021-04-05T12:19:18.625,88.82,-2.81,-150.65
2021-04-05T12:19:18.688,88.82,-2.92,-150.24
2021-04-05T12:19:18.750,88.93,-2.87,-150.60
2021-04-05T12:19:18.813,88.88,-2.85,-150.93
2021-04-05T12:19:18.875,88.93,-2.92,-150.73
2021-04-05T12:19:18.938,88.71,-2.97,-150.35
2021-04-05T12:19:19.000,88.93,-3.04,-150.40
2021-04-05T12:19:19.063,88.82,-2.86,-150.30
2021-04-05T12:19:19.125,88.88,-2.98,-150.99
2021-04-05T12:19:19.188,88.77,-2.91,-150.95
2021-04-05T12:19:19.250,88.87,-2.93,-150.96
2021-04-05T12:19:19.313,88.77,-2.69,-150.44
2021-04-05T12:19:19.375,88.88,-3.04,-150.23
2021-04-05T12:19:19.438,88.99,-2.76,-150.79
2021-04-05T12:19:19.500,88.82,-2.76,-150.53
2021-04-05T12:19:19.563,88.93,-3.14,-150.36
2021-04-05T12:19:19.625,88.82,-3.08,-150.42
2021-04-05T12:19:19.688,88.82,-2.81,-150.07
2021-04-05T12:19:19.750,88.82,-2.98,-150.46
2021-04-05T12:19:19.813,88.88,-2.81,-150.81
2021-04-05T12:19:19.875,88.99,-2.93,-150.41
2021-04-05T12:19:19.938,88.99,-2.81,-149.86
2021-04-05T12:19:20.000,88.82,-2.87,-150.69
2021-04-05T12:19:20.063,88.88,-2.92,-149.22
2021-04-05T12:19:20.125,88.87,-2.76,-150.01
2021-04-05T12:19:20.188,88.76,-2.92,-150.46
2021-04-05T12:19:20.250,88.94,-2.80,-150.95
2021-04-05T12:19:20.313,89.16,-2.87,-150.53
2021-04-05T12:19:20.375,88.88,-2.87,-150.44
2021-04-05T12:19:20.438,88.88,-2.76,-150.69
2021-04-05T12:19:20.500,88.99,-2.92,-150.69
2021-04-05T12:19:20.563,88.99,-2.81,-150.07
2021-04-05T12:19:20.625,88.88,-3.04,-150.73
2021-04-05T12:19:20.688,88.82,-2.75,-149.96
2021-04-05T12:19:20.750,88.94,-2.92,-150.15
2021-04-05T12:19:20.813,88.94,-2.92,-150.91
2021-04-05T12:19:20.875,88.93,-2.86,-150.50
2021-04-05T12:19:20.938,88.88,-3.09,-150.96
2021-04-05T12:19:21.000,88.83,-2.69,-149.62
2021-04-05T12:19:21.063,88.88,-2.98,-150.71
2021-04-05T12:19:21.125,88.88,-2.86,-150.44
2021-04-05T12:19:21.188,88.93,-2.98,-150.35
2021-04-05T12:19:21.250,88.71,-2.86,-150.57
2021-04-05T12:19:21.313,88.88,-2.76,-150.32
2021-04-05T12:19:21.375,88.82,-2.70,-150.50
2021-04-05T12:19:21.438,88.82,-2.92,-150.72
2021-04-05T12:19:21.500,89.04,-2.93,-149.97
2021-04-05T12:19:21.563,88.82,-2.97,-150.26
2021-04-05T12:19:21.625,88.88,-3.04,-150.73
2021-04-05T12:19:21.688,88.93,-2.81,-150.77
2021-04-05T12:19:21.750,88.82,-2.86,-150.78
2021-04-05T12:19:21.813,88.99,-2.92,-150.87
2021-04-05T12:19:21.875,88.88,-2.80,-150.51
2021-04-05T12:19:21.938,88.99,-3.04,-150.94
2021-04-05T12:19:22.000,88.88,-2.92,-150.48
2021-04-05T12:19:22.063,88.82,-2.69,-150.03
2021-04-05T12:19:22.125,88.82,-2.76,-149.95
2021-04-05T12:19:22.188,88.93,-2.87,-150.22
2021-04-05T12:19:22.250,88.88,-3.09,-150.57
2021-04-05T12:19:22.313,88.93,-2.70,-150.23
2021-04-05T12:19:22.375,88.88,-2.86,-150.08
2021-04-05T12:19:22.438,88.88,-2.98,-150.52
2021-04-05T12:19:22.500,88.93,-2.93,-150.34
2021-04-05T12:19:22.563,88.88,-2.92,-150.77
2021-04-05T12:19:22.625,89.04,-2.87,-150.80
2021-04-05T12:19:22.688,88.93,-2.70,-150.34
2021-04-05T12:19:22.750,88.71,-2.92,-150.51
2021-04-05T12:19:22.813,88.87,-2.76,-150.77
2021-04-05T12:19:22.875,88.88,-2.92,-150.66
2021-04-05T12:19:22.938,88.93,-2.93,-150.43
2021-04-05T12:19:23.000,88.70,-2.93,-150.50
2021-04-05T12:19:23.063,88.88,-2.97,-150.80
2021-04-05T12:19:23.125,88.82,-2.81,-149.69
2021-04-05T12:19:23.188,88.88,-2.86,-150.64
2021-04-05T12:19:23.250,88.82,-3.04,-151.16
2021-04-05T12:19:23.313,88.94,-2.75,-150.34
2021-04-05T12:19:23.375,88.71,-2.75,-150.03
2021-04-05T12:19:23.438,88.93,-2.93,-151.00
2021-04-05T12:19:23.500,88.93,-2.92,-150.35
2021-04-05T12:19:23.563,88.88,-2.81,-150.03
2021-04-05T12:19:23.625,88.88,-2.87,-150.64
2021-04-05T12:19:23.688,88.77,-2.97,-150.60
2021-04-05T12:19:23.750,88.82,-2.87,-150.88
2021-04-05T12:19:23.813,88.82,-2.92,-151.29
2021-04-05T12:19:23.875,88.88,-2.86,-150.45
2021-04-05T12:19:23.938,88.82,-2.98,-150.26
2021-04-05T12:19:24.000,88.88,-2.80,-150.24
2021-04-05T12:19:24.063,88.82,-2.87,-150.98
2021-04-05T12:19:24.125,88.82,-2.92,-149.35
2021-04-05T12:19:24.188,88.87,-2.76,-150.02
2021-04-05T12:19:24.250,88.88,-2.87,-150.06
2021-04-05T12:19:24.313,88.82,-2.81,-150.08
2021-04-05T12:19:24.375,88.82,-2.86,-150.68
2021-04-05T12:19:24.438,88.76,-3.04,-150.15
2021-04-05T12:19:24.500,88.87,-2.87,-151.12
2021-04-05T12:19:24.563,88.77,-2.80,-149.93
2021-04-05T12:19:24.625,88.76,-2.92,-149.80
2021-04-05T12:19:24.688,88.77,-2.97,-149.92
2021-04-05T12:19:24.750,88.98,-2.88,-150.95
2021-04-05T12:19:24.813,88.82,-2.81,-150.56
2021-04-05T12:19:24.875,88.76,-2.81,-150.61
2021-04-05T12:19:24.938,88.87,-2.76,-151.16
2021-04-05T12:19:25.000,88.94,-3.03,-150.60
2021-04-05T12:19:25.063,88.99,-2.87,-150.66
2021-04-05T12:19:25.125,88.87,-2.76,-150.19
2021-04-05T12:19:25.188,88.93,-2.87,-149.93
2021-04-05T12:19:25.250,88.93,-2.86,-150.79
2021-04-05T12:19:25.313,88.88,-2.98,-150.99
2021-04-05T12:19:25.375,88.65,-2.87,-149.85
2021-04-05T12:19:25.438,88.99,-2.76,-150.32
2021-04-05T12:19:25.500,88.88,-2.92,-150.67
2021-04-05T12:19:25.563,88.76,-2.81,-150.22
2021-04-05T12:19:25.625,88.87,-2.70,-150.09
2021-04-05T12:19:25.688,88.82,-2.92,-150.53
2021-04-05T12:19:25.750,88.87,-2.82,-150.71
2021-04-05T12:19:25.813,88.82,-2.92,-150.90
2021-04-05T12:19:25.875,88.99,-2.82,-150.62
2021-04-05T12:19:25.938,88.82,-2.80,-150.94
2021-04-05T12:19:26.000,88.82,-2.87,-150.50
2021-04-05T12:19:26.063,88.88,-2.80,-150.62
2021-04-05T12:19:26.125,88.93,-2.93,-150.82
2021-04-05T12:19:26.188,88.93,-2.81,-150.38
2021-04-05T12:19:26.250,88.99,-2.93,-150.79
2021-04-05T12:19:26.313,88.88,-2.81,-150.72
2021-04-05T12:19:26.375,89.05,-2.81,-151.07
2021-04-05T12:19:26.438,88.99,-2.82,-150.63
2021-04-05T12:19:26.500,88.82,-2.70,-150.21
2021-04-05T12:19:26.563,89.04,-2.93,-150.26
2021-04-05T12:19:26.625,88.88,-2.80,-150.32
2021-04-05T12:19:26.688,88.88,-2.98,-151.56
2021-04-05T12:19:26.750,88.88,-3.09,-150.95
2021-04-05T12:19:26.813,88.82,-2.92,-150.71
2021-04-05T12:19:26.875,88.76,-2.81,-149.94
2021-04-05T12:19:26.938,88.82,-2.97,-149.66
2021-04-05T12:19:27.000,88.93,-2.81,-150.48
2021-04-05T12:19:27.063,88.88,-2.92,-151.34
2021-04-05T12:19:27.125,88.93,-2.92,-150.26
2021-04-05T12:19:27.188,88.93,-2.75,-149.67
2021-04-05T12:19:27.250,88.88,-2.92,-150.38
2021-04-05T12:19:27.313,88.88,-2.86,-150.45
2021-04-05T12:19:27.375,88.88,-2.98,-150.51
2021-04-05T12:19:27.438,88.82,-2.70,-150.69
2021-04-05T12:19:27.500,88.99,-3.03,-150.26
2021-04-05T12:19:27.563,88.88,-2.98,-150.78
2021-04-05T12:19:27.625,88.87,-3.10,-150.75
2021-04-05T12:19:27.688,88.82,-2.64,-149.60
2021-04-05T12:19:27.750,88.99,-2.82,-150.14
2021-04-05T12:19:27.813,88.88,-2.92,-150.01
2021-04-05T12:19:27.875,88.79,-2.64,-150.15
2021-04-05T12:19:27.938,88.85,-3.09,-150.63
2021-04-05T12:19:28.000,88.96,-4.47,-149.92
2021-04-05T12:19:28.063,89.04,-4.74,-149.76
2021-04-05T12:19:28.125,89.10,-4.62,-149.83
2021-04-05T12:19:28.188,88.98,-4.73,-150.73
2021-04-05T12:19:28.250,88.98,-4.57,-150.56
2021-04-05T12:19:28.313,88.99,-4.66,-150.91
2021-04-05T12:19:28.375,89.04,-4.62,-150.95
2021-04-05T12:19:28.438,89.04,-4.61,-149.86
2021-04-05T12:19:28.500,88.98,-4.67,-150.51
2021-04-05T12:19:28.563,88.93,-4.45,-150.05
2021-04-05T12:19:28.625,89.04,-4.62,-149.85
2021-04-05T12:19:28.688,88.99,-4.77,-150.20
2021-04-05T12:19:28.750,88.93,-4.66,-150.84
2021-04-05T12:19:28.813,88.93,-4.60,-150.14
2021-04-05T12:19:28.875,89.04,-4.66,-150.57
2021-04-05T12:19:28.938,88.98,-4.45,-149.53
2021-04-05T12:19:29.000,89.04,-4.73,-150.61
2021-04-05T12:19:29.063,89.10,-4.67,-151.22
2021-04-05T12:19:29.125,88.98,-4.95,-150.86
2021-04-05T12:19:29.188,88.99,-4.66,-150.61
2021-04-05T12:19:29.250,88.98,-4.67,-150.32
2021-04-05T12:19:29.313,88.87,-4.77,-150.74
2021-04-05T12:19:29.375,89.14,-3.61,-149.61
2021-04-05T12:19:29.438,89.13,-6.48,-150.02
2021-04-05T12:19:29.500,89.08,-9.60,-148.99
2021-04-05T12:19:29.563,88.92,-17.96,-149.21
2021-04-05T12:19:29.625,88.86,-25.05,-151.01
2021-04-05T12:19:29.688,89.05,-21.98,-148.88
2021-04-05T12:19:29.750,88.99,-23.84,-146.29
2021-04-05T12:19:29.813,88.81,-33.54,-146.07
2021-04-05T12:19:29.875,88.50,-44.21,-143.50
2021-04-05T12:19:29.938,87.30,-62.46,-145.60
2021-04-05T12:19:30.000,87.92,-58.52,-129.83
2021-04-05T12:19:30.063,-87.61,-44.12,23.00
2021-04-05T12:19:30.125,-102.25,-82.73,45.21
2021-04-05T12:19:30.188,-86.91,-77.85,29.36
2021-04-05T12:19:30.250,-80.66,-83.57,26.09
2021-04-05T12:19:30.313,-82.65,-82.62,28.89
2021-04-05T12:19:30.375,-81.04,-83.25,27.09
2021-04-05T12:19:30.438,-82.70,-82.57,27.94
2021-04-05T12:19:30.500,-79.53,-83.96,26.27
2021-04-05T12:19:30.563,-79.09,-83.87,26.10
2021-04-05T12:19:30.625,-82.56,-83.22,28.69
2021-04-05T12:19:30.688,-81.18,-82.72,27.01
2021-04-05T12:19:30.750,-81.91,-82.91,28.84
2021-04-05T12:19:30.813,-81.97,-82.84,27.84
2021-04-05T12:19:30.875,-80.98,-82.90,26.49
2021-04-05T12:19:30.938,-81.85,-82.98,28.29
2021-04-05T12:19:31.000,-81.97,-82.88,27.10
2021-04-05T12:19:31.063,-82.95,-82.80,28.27
2021-04-05T12:19:31.125,-81.44,-82.92,27.59
2021-04-05T12:19:31.188,-81.24,-83.09,27.31
2021-04-05T12:19:31.250,-80.91,-82.97,26.31
2021-04-05T12:19:31.313,-81.05,-82.83,27.42
2021-04-05T12:19:31.375,-80.84,-83.01,26.73
2021-04-05T12:19:31.438,-82.44,-82.84,28.28
2021-04-05T12:19:31.500,-81.44,-82.91,26.71
2021-04-05T12:19:31.563,-81.75,-82.63,27.23
2021-04-05T12:19:31.625,-79.60,-82.85,25.47
2021-04-05T12:19:31.688,-81.31,-83.03,26.72
2021-04-05T12:19:31.750,-81.11,-82.80,26.72
2021-04-05T12:19:31.813,-80.98,-82.90,27.05
2021-04-05T12:19:31.875,-81.24,-83.09,26.71
2021-04-05T12:19:31.938,-81.18,-82.72,27.08
2021-04-05T12:19:32.000,-80.66,-83.57,26.74
2021-04-05T12:19:32.063,-82.47,-82.33,27.20
2021-04-05T12:19:32.125,-82.26,-83.08,27.99
2021-04-05T12:19:32.188,-82.15,-82.67,27.04
2021-04-05T12:19:32.250,-82.54,-82.78,28.30
2021-04-05T12:19:32.313,-82.09,-82.72,27.39
2021-04-05T12:19:32.375,-82.03,-82.81,27.72
2021-04-05T12:19:32.438,-80.98,-82.89,26.86
2021-04-05T12:19:32.500,-81.18,-82.72,27.12
2021-04-05T12:19:32.563,-81.97,-82.87,27.86
2021-04-05T12:19:32.625,-81.25,-82.66,27.03
2021-04-05T12:19:32.688,-80.91,-82.95,26.28
2021-04-05T12:19:32.750,-80.66,-82.77,26.41
2021-04-05T12:19:32.813,-84.04,-82.59,29.25
2021-04-05T12:19:32.875,-80.66,-82.77,25.65
2021-04-05T12:19:32.938,-84.97,-82.55,29.97
2021-04-05T12:19:33.000,-81.97,-82.85,27.77
2021-04-05T12:19:33.063,-73.43,-82.23,20.14
2021-04-05T12:19:33.125,-83.15,-82.56,28.44
2021-04-05T12:19:33.188,-79.90,-82.99,26.63
2021-04-05T12:19:33.250,-81.81,-82.57,26.30
2021-04-05T12:19:33.313,-81.63,-82.78,27.33
2021-04-05T12:19:33.375,-81.24,-82.67,27.07
2021-04-05T12:19:33.438,-81.63,-82.75,27.01
2021-04-05T12:19:33.500,-82.70,-82.58,27.86
2021-04-05T12:19:33.563,-81.38,-82.99,27.06
2021-04-05T12:19:33.625,-82.26,-82.58,27.62
2021-04-05T12:19:33.688,-82.03,-82.80,27.20
2021-04-05T12:19:33.750,-81.57,-82.80,26.54
2021-04-05T12:19:33.813,-80.52,-82.86,26.67
2021-04-05T12:19:33.875,-80.72,-82.76,26.12
2021-04-05T12:19:33.938,-82.09,-82.73,27.04
2021-04-05T12:19:34.000,-82.60,-82.70,27.64
2021-04-05T12:19:34.063,-82.03,-82.77,27.30
2021-04-05T12:19:34.125,-81.64,-82.69,26.52
2021-04-05T12:19:34.188,-81.64,-82.70,26.91
2021-04-05T12:19:34.250,-82.49,-82.81,28.09
2021-04-05T12:19:34.313,-82.32,-82.99,27.84
2021-04-05T12:19:34.375,-83.00,-82.73,28.55
2021-04-05T12:19:34.438,-82.43,-82.85,27.87
2021-04-05T12:19:34.500,-81.70,-82.67,27.05
2021-04-05T12:19:34.563,-82.54,-82.75,28.58
2021-04-05T12:19:34.625,-82.09,-82.74,27.38
2021-04-05T12:19:34.688,-81.69,-82.69,27.63
2021-04-05T12:19:34.750,-81.51,-82.85,27.06
2021-04-05T12:19:34.813,-82.09,-82.74,26.90
2021-04-05T12:19:34.875,-81.57,-82.78,27.34
2021-04-05T12:19:34.938,-81.45,-82.89,27.15
2021-04-05T12:19:35.000,-81.97,-82.88,26.54
2021-04-05T12:19:35.063,-82.43,-82.88,28.23
2021-04-05T12:19:35.125,-81.70,-82.66,27.27
2021-04-05T12:19:35.188,-81.11,-82.80,27.76
2021-04-05T12:19:35.250,-81.57,-82.78,27.10
2021-04-05T12:19:35.313,-82.95,-82.81,28.22
2021-04-05T12:19:35.375,-82.49,-82.81,28.28
2021-04-05T12:19:35.438,-81.63,-82.75,27.22
2021-04-05T12:19:35.500,-82.09,-82.74,27.35
2021-04-05T12:19:35.563,-83.10,-82.64,27.99
2021-04-05T12:19:35.625,-80.73,-82.69,26.06
2021-04-05T12:19:35.688,-81.12,-82.78,26.80
2021-04-05T12:19:35.750,-82.95,-82.77,27.95
2021-04-05T12:19:35.813,-81.57,-82.81,27.08
2021-04-05T12:19:35.875,-81.57,-82.78,27.10
2021-04-05T12:19:35.938,-82.20,-82.64,27.86
2021-04-05T12:19:36.000,-82.49,-82.80,27.49
2021-04-05T12:19:36.063,-81.45,-82.89,26.92
2021-04-05T12:19:36.125,-81.51,-82.85,26.29
2021-04-05T12:19:36.188,-82.03,-82.83,27.24
2021-04-05T12:19:36.250,-80.73,-82.72,26.03
2021-04-05T12:19:36.313,-81.97,-82.84,27.45
2021-04-05T12:19:36.375,-81.63,-82.73,27.12
2021-04-05T12:19:36.438,-81.57,-82.80,27.43
2021-04-05T12:19:36.500,-81.05,-82.84,26.55
2021-04-05T12:19:36.563,-82.09,-82.72,28.21
2021-04-05T12:19:36.625,-81.91,-82.93,27.36
2021-04-05T12:19:36.688,-81.76,-82.61,27.02
2021-04-05T12:19:36.750,-81.86,-83.88,28.01
2021-04-05T12:19:36.813,-80.95,-83.73,27.67
2021-04-05T12:19:36.875,-82.60,-82.69,27.66
2021-04-05T12:19:36.938,-84.26,-80.95,27.49
2021-04-05T12:19:37.000,-79.24,-84.13,24.98
2021-04-05T12:19:37.063,-79.81,-83.77,24.51
2021-04-05T12:19:37.125,-81.03,-83.28,26.21
2021-04-05T12:19:37.188,-85.26,-79.45,29.08
2021-04-05T12:19:37.250,-82.63,-82.14,27.37
2021-04-05T12:19:37.313,-83.31,-82.92,28.36
2021-04-05T12:19:37.375,-82.03,-82.78,27.90
2021-04-05T12:19:37.438,-81.57,-82.79,27.65
2021-04-05T12:19:37.500,-82.31,-82.50,26.68
2021-04-05T12:19:37.563,-82.49,-82.80,27.79
2021-04-05T12:19:37.625,-82.09,-82.76,26.95
2021-04-05T12:19:37.688,-81.05,-82.84,26.56
2021-04-05T12:19:37.750,-81.57,-82.76,27.47
2021-04-05T12:19:37.813,-82.03,-82.80,27.71
2021-04-05T12:19:37.875,-81.97,-82.85,27.48
2021-04-05T12:19:37.938,-81.70,-82.67,27.64
2021-04-05T12:19:38.000,-80.44,-82.97,26.50
2021-04-05T12:19:38.063,-81.70,-82.67,26.61
2021-04-05T12:19:38.125,-81.51,-82.85,27.40
2021-04-05T12:19:38.188,-82.15,-82.64,28.19
2021-04-05T12:19:38.250,-80.98,-82.91,26.27
2021-04-05T12:19:38.313,-82.54,-82.75,27.87
2021-04-05T12:19:38.375,-81.63,-82.74,27.37
2021-04-05T12:19:38.438,-82.03,-82.80,27.13
2021-04-05T12:19:38.500,-80.66,-82.79,25.64
2021-04-05T12:19:38.563,-83.00,-82.77,28.04
2021-04-05T12:19:38.625,-81.70,-82.66,27.24
2021-04-05T12:19:38.688,-83.15,-82.58,29.50
2021-04-05T12:19:38.750,-82.60,-82.69,27.29
2021-04-05T12:19:38.813,-81.18,-82.72,26.34
2021-04-05T12:19:38.875,-82.09,-82.74,27.42
2021-04-05T12:19:38.938,-82.03,-82.80,28.82
2021-04-05T12:19:39.000,-83.10,-82.65,28.86
2021-04-05T12:19:39.063,-81.76,-82.60,27.17
2021-04-05T12:19:39.125,-82.70,-82.57,28.66
2021-04-05T12:19:39.188,-81.05,-82.86,26.54
2021-04-05T12:19:39.250,-82.03,-82.81,27.33
2021-04-05T12:19:39.313,-80.66,-82.78,26.93
2021-04-05T12:19:39.375,-83.60,-82.59,29.34
2021-04-05T12:19:39.438,-82.60,-82.67,28.21
2021-04-05T12:19:39.500,-81.63,-82.74,27.64
2021-04-05T12:19:39.563,-81.57,-82.81,26.36
2021-04-05T12:19:39.625,-81.63,-82.72,27.31
2021-04-05T12:19:39.688,-81.70,-82.67,26.94
2021-04-05T12:19:39.750,-82.65,-82.60,28.18
2021-04-05T12:19:39.813,-81.70,-82.67,27.37
2021-04-05T12:19:39.875,-81.57,-82.80,27.02
2021-04-05T12:19:39.938,-81.05,-82.80,26.38
2021-04-05T12:19:40.000,-81.57,-82.78,27.64
2021-04-05T12:19:40.063,-79.83,-82.72,25.32
2021-04-05T12:19:40.125,-82.15,-82.68,26.66
2021-04-05T12:19:40.188,-82.31,-82.50,27.62
2021-04-05T12:19:40.250,-82.26,-82.59,28.05
2021-04-05T12:19:40.313,-83.05,-82.74,28.37
2021-04-05T12:19:40.375,-81.31,-82.62,26.32
2021-04-05T12:19:40.438,-80.59,-82.83,26.51
2021-04-05T12:19:40.500,-80.59,-82.84,26.78
2021-04-05T12:19:40.563,-81.93,-82.44,27.22
2021-04-05T12:19:40.625,-81.91,-82.90,26.80
2021-04-05T12:19:40.688,-82.15,-82.69,27.94
2021-04-05T12:19:40.750,-81.63,-82.74,26.78
2021-04-05T12:19:40.813,-81.63,-82.73,27.02
2021-04-05T12:19:40.875,-81.57,-82.77,27.25
2021-04-05T12:19:40.938,-81.70,-82.67,27.23
2021-04-05T12:19:41.000,-81.97,-82.82,27.50
2021-04-05T12:19:41.063,-82.15,-82.67,27.46
2021-04-05T12:19:41.125,-82.20,-82.66,27.68
2021-04-05T12:19:41.188,-82.14,-82.70,27.38
2021-04-05T12:19:41.250,-82.60,-82.70,27.98
2021-04-05T12:19:41.313,-81.37,-82.54,26.99
2021-04-05T12:19:41.375,-81.63,-82.73,26.37
2021-04-05T12:19:41.438,-81.93,-82.41,27.24
2021-04-05T12:19:41.500,-81.70,-82.64,27.09
2021-04-05T12:19:41.563,-81.87,-82.48,26.68
2021-04-05T12:19:41.625,-82.15,-82.64,27.46
2021-04-05T12:19:41.688,-82.60,-82.68,27.92
2021-04-05T12:19:41.750,-82.15,-82.69,27.12
2021-04-05T12:19:41.813,-80.42,-82.58,25.51
2021-04-05T12:19:41.875,-81.57,-82.81,27.01
2021-04-05T12:19:41.938,-81.97,-82.86,28.23
2021-04-05T12:19:42.000,-82.20,-82.62,27.03
2021-04-05T12:19:42.063,-81.57,-82.81,26.94
2021-04-05T12:19:42.125,-81.63,-82.72,27.33
2021-04-05T12:19:42.188,-82.20,-82.64,27.79
2021-04-05T12:19:42.250,-81.05,-82.82,27.34
2021-04-05T12:19:42.313,-81.75,-82.63,27.15
2021-04-05T12:19:42.375,-81.97,-82.84,27.41
2021-04-05T12:19:42.438,-81.43,-82.50,26.50
2021-04-05T12:19:42.500,-81.70,-82.67,27.19
2021-04-05T12:19:42.563,-82.26,-82.58,27.41
2021-04-05T12:19:42.625,-81.97,-82.87,27.06
2021-04-05T12:19:42.688,-82.15,-82.69,27.79
2021-04-05T12:19:42.750,-81.18,-82.72,26.79
2021-04-05T12:19:42.813,-81.25,-82.66,25.94
2021-04-05T12:19:42.875,-81.75,-82.63,26.70
2021-04-05T12:19:42.938,-81.31,-82.59,26.97
2021-04-05T12:19:43.000,-81.51,-82.86,26.85
2021-04-05T12:19:43.063,-82.20,-82.63,27.89
2021-04-05T12:19:43.125,-81.70,-82.66,27.37
2021-04-05T12:19:43.188,-82.60,-82.70,27.70
2021-04-05T12:19:43.250,-81.37,-82.54,26.16
2021-04-05T12:19:43.313,-81.70,-82.65,26.65
2021-04-05T12:19:43.375,-82.31,-82.52,27.72
2021-04-05T12:19:43.438,-82.15,-82.69,27.69
2021-04-05T12:19:43.500,-81.25,-82.66,26.73
2021-04-05T12:19:43.563,-82.63,-82.16,27.43
2021-04-05T12:19:43.625,-82.21,-82.58,27.71
2021-04-05T12:19:43.688,-81.70,-82.67,27.54
2021-04-05T12:19:43.750,-82.26,-82.57,28.31
2021-04-05T12:19:43.813,-82.20,-82.64,27.81
2021-04-05T12:19:43.875,-82.60,-82.67,27.90
2021-04-05T12:19:43.938,-81.91,-82.90,28.05
2021-04-05T12:19:44.000,-81.99,-82.39,27.60
2021-04-05T12:19:44.063,-80.37,-83.00,26.48
2021-04-05T12:19:44.125,-81.70,-82.67,27.50
2021-04-05T12:19:44.188,-81.38,-82.98,26.65
2021-04-05T12:19:44.250,-81.06,-82.41,26.59
2021-04-05T12:19:44.313,-80.70,-83.15,26.67
2021-04-05T12:19:44.375,-77.23,-84.27,24.01
2021-04-05T12:19:44.438,-81.09,-83.67,26.93
2021-04-05T12:19:44.500,-85.15,-78.98,30.93
2021-04-05T12:19:44.563,-85.69,-75.35,29.76
2021-04-05T12:19:44.625,-83.44,-80.01,32.67
2021-04-05T12:19:44.688,-87.24,-69.17,32.16
2021-04-05T12:19:44.750,-85.78,-75.06,37.68
2021-04-05T12:19:44.813,-86.55,-71.48,45.50
2021-04-05T12:19:44.875,-87.27,-58.27,52.63
2021-04-05T12:19:44.938,-88.34,-25.60,41.15
2021-04-05T12:19:45.000,-89.09,-11.72,39.17
2021-04-05T12:19:45.063,-88.25,-14.10,50.11
2021-04-05T12:19:45.125,-89.21,5.01,39.79
2021-04-05T12:19:45.188,-88.74,4.78,44.84
2021-04-05T12:19:45.250,-88.48,5.47,45.12
2021-04-05T12:19:45.313,-89.26,9.19,41.36
2021-04-05T12:19:45.375,-88.34,8.42,44.15
2021-04-05T12:19:45.438,-88.74,7.76,43.99
2021-04-05T12:19:45.500,-88.91,8.10,44.39
2021-04-05T12:19:45.563,-88.97,8.82,44.03
2021-04-05T12:19:45.625,-88.97,9.87,43.63
2021-04-05T12:19:45.688,-88.97,9.78,43.09
2021-04-05T12:19:45.750,-89.09,9.60,42.95
2021-04-05T12:19:45.813,-88.97,9.69,43.87
2021-04-05T12:19:45.875,-88.91,9.90,43.40
2021-04-05T12:19:45.938,-88.91,9.90,43.94
2021-04-05T12:19:46.000,-88.97,9.83,43.74
2021-04-05T12:19:46.063,-89.03,9.99,43.46
2021-04-05T12:19:46.125,-89.03,9.84,43.16
2021-04-05T12:19:46.188,-89.03,9.88,43.55
2021-04-05T12:19:46.250,-88.91,9.94,44.00
2021-04-05T12:19:46.313,-88.91,10.15,43.13
2021-04-05T12:19:46.375,-88.91,9.79,44.80
2021-04-05T12:19:46.438,-88.91,10.03,44.17
2021-04-05T12:19:46.500,-88.97,10.20,43.80
2021-04-05T12:19:46.563,-89.09,10.18,42.25
2021-04-05T12:19:46.625,-88.91,10.15,43.08
2021-04-05T12:19:46.688,-88.97,10.19,43.48
2021-04-05T12:19:46.750,-89.14,10.25,43.60
2021-04-05T12:19:46.813,-88.80,10.48,43.64
2021-04-05T12:19:46.875,-88.80,10.47,43.41
2021-04-05T12:19:46.938,-88.97,10.15,44.06
2021-04-05T12:19:47.000,-88.97,10.18,43.69
2021-04-05T12:19:47.063,-88.91,10.42,44.29
2021-04-05T12:19:47.125,-88.86,10.47,43.64
2021-04-05T12:19:47.188,-88.97,10.47,43.55
2021-04-05T12:19:47.250,-88.91,10.57,43.45
2021-04-05T12:19:47.313,-88.86,10.47,44.15
2021-04-05T12:19:47.375,-88.86,10.59,42.78
2021-04-05T12:19:47.438,-89.03,10.68,39.73
2021-04-05T12:19:47.500,-88.80,10.58,38.96
2021-04-05T12:19:47.563,-89.09,10.61,37.50
2021-04-05T12:19:47.625,-89.03,10.68,38.08
2021-04-05T12:19:47.688,-88.91,10.56,39.72
2021-04-05T12:19:47.750,-88.97,10.59,39.16
2021-04-05T12:19:47.813,-89.09,10.64,39.23
2021-04-05T12:19:47.875,-88.85,10.57,38.64
2021-04-05T12:19:47.938,-88.97,10.85,48.18
2021-04-05T12:19:48.000,-88.91,10.58,45.28
2021-04-05T12:19:48.063,-88.80,10.75,40.69
2021-04-05T12:19:48.125,-89.09,10.78,38.97
2021-04-05T12:19:48.188,-88.91,10.76,40.65
2021-04-05T12:19:48.250,-89.09,10.80,43.92
2021-04-05T12:19:48.313,-88.97,10.92,49.24
2021-04-05T12:19:48.375,-89.09,10.79,53.24
2021-04-05T12:19:48.438,-89.09,10.72,51.41
2021-04-05T12:19:48.500,-88.91,10.82,49.03
2021-04-05T12:19:48.563,-88.97,10.83,49.19
2021-04-05T12:19:48.625,-88.91,10.87,53.69
2021-04-05T12:19:48.688,-88.91,10.83,58.26
2021-04-05T12:19:48.750,-89.03,10.74,62.45
2021-04-05T12:19:48.813,-88.97,10.75,67.59
2021-04-05T12:19:48.875,-89.20,10.79,70.40
2021-04-05T12:19:48.938,-88.97,10.95,70.40
2021-04-05T12:19:49.000,-88.86,10.86,70.11
2021-04-05T12:19:49.063,-88.80,10.77,70.38
2021-04-05T12:19:49.125,-88.97,10.90,70.18
2021-04-05T12:19:49.188,-88.86,10.75,71.28
2021-04-05T12:19:49.250,-88.91,11.03,71.10
2021-04-05T12:19:49.313,-89.03,10.77,71.29
2021-04-05T12:19:49.375,-89.03,10.76,73.35
2021-04-05T12:19:49.438,-89.09,10.82,72.85
2021-04-05T12:19:49.500,-88.80,10.89,72.50
2021-04-05T12:19:49.563,-88.97,11.00,72.67
2021-04-05T12:19:49.625,-88.86,11.08,72.48
2021-04-05T12:19:49.688,-88.91,10.91,72.46
2021-04-05T12:19:49.750,-88.86,10.90,72.39
2021-04-05T12:19:49.813,-88.86,10.87,72.02
2021-04-05T12:19:49.875,-89.03,10.97,72.35
2021-04-05T12:19:49.938,-89.03,10.99,72.02
2021-04-05T12:19:50.000,-89.03,10.90,71.95
2021-04-05T12:19:50.063,-89.03,10.75,71.96
2021-04-05T12:19:50.125,-88.86,10.97,71.23
2021-04-05T12:19:50.188,-89.03,10.88,72.16
2021-04-05T12:19:50.250,-88.97,10.95,72.38
2021-04-05T12:19:50.313,-88.86,10.80,73.31
2021-04-05T12:19:50.375,-88.97,10.88,73.01
2021-04-05T12:19:50.438,-88.97,10.92,72.43
2021-04-05T12:19:50.500,-88.97,10.75,71.78
2021-04-05T12:19:50.563,-89.03,10.99,72.48
2021-04-05T12:19:50.625,-88.80,10.98,72.49
2021-04-05T12:19:50.688,-88.97,10.84,71.78
2021-04-05T12:19:50.750,-88.80,11.06,71.88
2021-04-05T12:19:50.813,-89.03,10.95,70.39
2021-04-05T12:19:50.875,-88.97,11.00,69.54
2021-04-05T12:19:50.938,-88.80,10.89,69.16
2021-04-05T12:19:51.000,-88.91,10.99,69.27
2021-04-05T12:19:51.063,-88.91,11.00,69.06
2021-04-05T12:19:51.125,-88.91,11.10,68.29
2021-04-05T12:19:51.188,-88.86,11.10,67.25
2021-04-05T12:19:51.250,-89.03,10.99,66.23
2021-04-05T12:19:51.313,-88.97,10.87,64.57
2021-04-05T12:19:51.375,-89.03,11.05,63.57
2021-04-05T12:19:51.438,-88.91,11.14,67.07
2021-04-05T12:19:51.500,-89.03,11.07,68.94
2021-04-05T12:19:51.563,-88.91,10.91,69.11
2021-04-05T12:19:51.625,-88.91,11.02,68.96
2021-04-05T12:19:51.688,-88.97,11.05,68.58
2021-04-05T12:19:51.750,-88.91,10.83,68.75
2021-04-05T12:19:51.813,-88.86,11.06,68.25
2021-04-05T12:19:51.875,-89.03,11.04,69.42
2021-04-05T12:19:51.938,-88.91,10.99,68.98
2021-04-05T12:19:52.000,-88.91,10.99,68.35
2021-04-05T12:19:52.063,-88.97,11.15,68.36
2021-04-05T12:19:52.125,-88.97,11.07,69.16
2021-04-05T12:19:52.188,-89.03,11.13,69.35
2021-04-05T12:19:52.250,-88.91,10.98,69.87
2021-04-05T12:19:52.313,-88.97,10.97,69.64
2021-04-05T12:19:52.375,-88.91,11.04,70.38
2021-04-05T12:19:52.438,-88.97,10.89,69.10
2021-04-05T12:19:52.500,-88.86,11.10,68.54
2021-04-05T12:19:52.563,-89.03,11.15,69.31
2021-04-05T12:19:52.625,-88.91,11.04,69.91
2021-04-05T12:19:52.688,-88.97,11.23,70.62
2021-04-05T12:19:52.750,-88.86,11.09,70.58
2021-04-05T12:19:52.813,-88.91,11.03,70.43
2021-04-05T12:19:52.875,-88.91,11.19,69.98
2021-04-05T12:19:52.938,-89.03,11.14,70.08
2021-04-05T12:19:53.000,-88.91,11.00,71.90
2021-04-05T12:19:53.063,-88.97,10.98,71.97
2021-04-05T12:19:53.125,-88.91,11.19,69.87
2021-04-05T12:19:53.188,-88.97,11.00,67.30
2021-04-05T12:19:53.250,-88.86,11.11,63.30
2021-04-05T12:19:53.313,-89.03,11.06,63.30
2021-04-05T12:19:53.375,-89.03,11.29,66.54
2021-04-05T12:19:53.438,-88.80,11.24,68.04
2021-04-05T12:19:53.500,-88.97,11.19,68.64
2021-04-05T12:19:53.563,-89.03,11.04,68.65
2021-04-05T12:19:53.625,-89.03,10.95,69.08
2021-04-05T12:19:53.688,-88.91,11.10,68.31
2021-04-05T12:19:53.750,-88.91,11.09,68.76
2021-04-05T12:19:53.813,-88.85,11.07,69.07
2021-04-05T12:19:53.875,-88.91,11.10,69.92
2021-04-05T12:19:53.938,-88.91,11.26,71.14
2021-04-05T12:19:54.000,-88.97,11.16,70.19
2021-04-05T12:19:54.063,-88.97,11.16,69.97
2021-04-05T12:19:54.125,-88.97,11.35,69.51
2021-04-05T12:19:54.188,-88.80,11.32,69.43
2021-04-05T12:19:54.250,-88.91,11.28,70.16
2021-04-05T12:19:54.313,-88.97,11.15,69.48
2021-04-05T12:19:54.375,-88.74,11.17,68.94
2021-04-05T12:19:54.438,-88.85,11.29,69.77
2021-04-05T12:19:54.500,-89.03,11.21,68.88
2021-04-05T12:19:54.563,-89.03,11.23,67.23
2021-04-05T12:19:54.625,-89.03,11.15,66.80
2021-04-05T12:19:54.688,-88.86,11.11,66.67
2021-04-05T12:19:54.750,-88.86,11.11,66.31
2021-04-05T12:19:54.813,-89.03,11.23,65.75
2021-04-05T12:19:54.875,-88.91,11.08,66.44
2021-04-05T12:19:54.938,-88.97,11.21,67.36
2021-04-05T12:19:55.000,-89.15,11.10,66.93
2021-04-05T12:19:55.063,-89.09,11.21,66.44
2021-04-05T12:19:55.125,-88.97,11.24,65.46
2021-04-05T12:19:55.188,-88.86,11.10,65.99
2021-04-05T12:19:55.250,-89.09,11.03,66.81
2021-04-05T12:19:55.313,-89.03,11.14,67.47
2021-04-05T12:19:55.375,-88.91,11.18,67.26
2021-04-05T12:19:55.438,-89.03,11.32,66.94
2021-04-05T12:19:55.500,-88.97,11.17,64.25
2021-04-05T12:19:55.563,-89.15,10.97,62.12
2021-04-05T12:19:55.625,-89.03,11.09,64.73
2021-04-05T12:19:55.688,-89.09,11.12,66.91
2021-04-05T12:19:55.750,-88.91,11.17,65.61
2021-04-05T12:19:55.813,-88.91,11.08,65.70
2021-04-05T12:19:55.875,-88.91,11.08,66.58
2021-04-05T12:19:55.938,-88.91,11.03,67.72
2021-04-05T12:19:56.000,-89.03,11.13,67.36
2021-04-05T12:19:56.063,-88.91,11.17,67.39
2021-04-05T12:19:56.125,-88.97,11.21,67.51
2021-04-05T12:19:56.188,-88.97,11.10,68.17
2021-04-05T12:19:56.250,-88.91,11.04,69.02
2021-04-05T12:19:56.313,-89.09,11.23,69.11
2021-04-05T12:19:56.375,-88.91,11.38,70.50
2021-04-05T12:19:56.438,-88.97,11.05,70.16
2021-04-05T12:19:56.500,-89.03,11.27,68.80
2021-04-05T12:19:56.563,-89.03,11.28,68.18
2021-04-05T12:19:56.625,-88.91,11.15,70.22
2021-04-05T12:19:56.688,-88.97,11.32,69.65
2021-04-05T12:19:56.750,-88.97,11.48,69.45
2021-04-05T12:19:56.813,-88.97,10.88,70.18
2021-04-05T12:19:56.875,-88.97,11.29,70.59
2021-04-05T12:19:56.938,-88.91,11.05,71.62
2021-04-05T12:19:57.000,-88.97,11.00,69.31
2021-04-05T12:19:57.063,-88.86,11.17,67.79
2021-04-05T12:19:57.125,-88.80,11.39,68.76
2021-04-05T12:19:57.188,-88.85,11.02,68.81
2021-04-05T12:19:57.250,-89.15,11.21,68.86
2021-04-05T12:19:57.313,-88.97,11.20,67.49
2021-04-05T12:19:57.375,-88.91,11.20,67.79
2021-04-05T12:19:57.438,-88.91,11.16,67.61
2021-04-05T12:19:57.500,-88.97,11.26,66.53
2021-04-05T12:19:57.563,-89.15,11.23,65.60
2021-04-05T12:19:57.625,-89.03,11.11,65.41
2021-04-05T12:19:57.688,-88.80,11.17,66.86
2021-04-05T12:19:57.750,-89.09,11.10,66.94
2021-04-05T12:19:57.813,-89.03,11.10,64.92
2021-04-05T12:19:57.875,-88.80,11.21,62.03
2021-04-05T12:19:57.938,-88.86,11.21,60.82
2021-04-05T12:19:58.000,-88.86,11.11,51.67
2021-04-05T12:19:58.063,-88.86,11.16,39.65
2021-04-05T12:19:58.125,-89.03,11.05,34.04
2021-04-05T12:19:58.188,-89.03,11.21,37.15
2021-04-05T12:19:58.250,-88.91,11.23,40.50
2021-04-05T12:19:58.313,-88.97,11.17,39.40
2021-04-05T12:19:58.375,-88.97,11.16,37.18
2021-04-05T12:19:58.438,-89.03,11.20,37.84
2021-04-05T12:19:58.500,-88.97,11.16,38.94
2021-04-05T12:19:58.563,-88.97,11.27,37.86
2021-04-05T12:19:58.625,-88.86,11.26,36.34
2021-04-05T12:19:58.688,-88.73,8.08,38.58
2021-04-05T12:19:58.750,-89.09,11.54,37.39
2021-04-05T12:19:58.813,-88.91,10.30,38.74
2021-04-05T12:19:58.875,-88.97,11.10,38.62
2021-04-05T12:19:58.938,-88.86,11.63,37.17
2021-04-05T12:19:59.000,-88.97,11.15,38.03
2021-04-05T12:19:59.063,-89.09,11.23,37.65
2021-04-05T12:19:59.125,-88.97,11.23,37.25
2021-04-05T12:19:59.188,-88.92,11.39,37.14
2021-04-05T12:19:59.250,-89.04,11.64,35.02
2021-04-05T12:19:59.313,-89.15,9.70,36.14
2021-04-05T12:19:59.375,-88.92,8.86,35.73
2021-04-05T12:19:59.438,-88.25,2.89,41.65
2021-04-05T12:19:59.500,-88.87,7.75,35.03
2021-04-05T12:19:59.563,-88.74,6.91,36.82
2021-04-05T12:19:59.625,-88.62,6.54,37.08
2021-04-05T12:19:59.688,-88.74,6.36,36.67
2021-04-05T12:19:59.750,-88.86,6.21,36.49
2021-04-05T12:19:59.813,-88.91,11.43,30.46
2021-04-05T12:19:59.875,-88.99,1.73,28.17
2021-04-05T12:19:59.938,-88.56,-18.56,29.07
2021-04-05T12:20:00.000,-88.44,-44.04,33.54
2021-04-05T12:20:00.063,-88.53,-44.38,25.27
2021-04-05T12:20:00.125,-87.96,-65.99,25.60
2021-04-05T12:20:00.188,-91.09,-67.71,21.37
2021-04-05T12:20:00.250,-85.71,-80.37,20.85
2021-04-05T12:20:00.313,-81.24,-83.57,17.45
2021-04-05T12:20:00.375,-10.37,-88.79,-48.28
2021-04-05T12:20:00.438,-85.60,-78.53,21.66
2021-04-05T12:20:00.500,-82.11,-81.77,22.13
2021-04-05T12:20:00.563,-12.16,-88.42,-42.64
2021-04-05T12:20:00.625,-83.68,-81.21,25.65
2021-04-05T12:20:00.688,-85.80,-78.81,27.40
2021-04-05T12:20:00.750,-84.74,-79.97,28.53
2021-04-05T12:20:00.813,-83.19,-81.97,28.96
2021-04-05T12:20:00.875,-80.70,-83.13,26.79
2021-04-05T12:20:00.938,-82.32,-83.01,27.05
2021-04-05T12:20:01.000,-81.18,-82.74,25.45
2021-04-05T12:20:01.063,-80.66,-82.76,29.47
2021-04-05T12:20:01.125,-81.97,-82.88,38.90
2021-04-05T12:20:01.188,-81.63,-82.72,25.93
2021-04-05T12:20:01.250,-82.60,-82.68,13.68
2021-04-05T12:20:01.313,-82.43,-82.85,18.65
2021-04-05T12:20:01.375,-81.51,-82.85,22.84
2021-04-05T12:20:01.438,-80.98,-82.88,21.35
2021-04-05T12:20:01.500,-81.51,-82.84,18.64
2021-04-05T12:20:01.563,-82.03,-82.82,18.16
2021-04-05T12:20:01.625,-81.85,-82.98,17.38
2021-04-05T12:20:01.688,-82.49,-82.80,16.82
2021-04-05T12:20:01.750,-82.43,-82.88,17.52
2021-04-05T12:20:01.813,-81.97,-82.85,16.55
2021-04-05T12:20:01.875,-80.91,-82.96,14.92
2021-04-05T12:20:01.938,-81.97,-82.83,15.44
2021-04-05T12:20:02.000,-82.03,-82.80,16.50
2021-04-05T12:20:02.063,-82.43,-82.86,16.16
2021-04-05T12:20:02.125,-80.98,-82.90,14.67
2021-04-05T12:20:02.188,-82.43,-82.87,16.59
2021-04-05T12:20:02.250,-81.97,-82.87,16.19
2021-04-05T12:20:02.313,-81.38,-82.95,15.85
2021-04-05T12:20:02.375,-81.05,-82.84,15.04
2021-04-05T12:20:02.438,-81.51,-82.85,16.17
2021-04-05T12:20:02.500,-81.12,-82.78,15.42
2021-04-05T12:20:02.563,-81.12,-82.78,15.77
2021-04-05T12:20:02.625,-81.57,-82.80,15.51
2021-04-05T12:20:02.688,-81.91,-82.92,16.42
2021-04-05T12:20:02.750,-81.91,-82.88,18.07
2021-04-05T12:20:02.813,-80.66,-82.79,15.41
2021-04-05T12:20:02.875,-81.45,-82.89,15.92
2021-04-05T12:20:02.938,-81.97,-82.86,16.09
2021-04-05T12:20:03.000,-81.72,-83.08,16.32
2021-04-05T12:20:03.063,-80.06,-82.86,15.62
2021-04-05T12:20:03.125,-81.05,-82.85,15.65
2021-04-05T12:20:03.188,-82.03,-82.74,17.37
2021-04-05T12:20:03.250,-82.49,-82.82,16.46
2021-04-05T12:20:03.313,-80.91,-82.96,16.51
2021-04-05T12:20:03.375,-81.57,-82.77,16.36
2021-04-05T12:20:03.438,-81.91,-82.91,17.16
2021-04-05T12:20:03.500,-82.03,-82.81,16.11
2021-04-05T12:20:03.563,-81.31,-83.03,16.17
2021-04-05T12:20:03.625,-80.06,-82.88,15.49
2021-04-05T12:20:03.688,-80.44,-82.97,15.99
2021-04-05T12:20:03.750,-81.05,-82.85,15.73
2021-04-05T12:20:03.813,-82.49,-82.83,17.30
2021-04-05T12:20:03.875,-82.09,-82.75,16.79
2021-04-05T12:20:03.938,-82.95,-82.80,16.60
2021-04-05T12:20:04.000,-81.31,-83.03,16.30
2021-04-05T12:20:04.063,-81.97,-82.87,16.75
2021-04-05T12:20:04.125,-81.44,-82.92,16.25
2021-04-05T12:20:04.188,-82.03,-82.80,16.73
2021-04-05T12:20:04.250,-80.59,-82.84,15.82
2021-04-05T12:20:04.313,-81.51,-82.88,16.63
2021-04-05T12:20:04.375,-80.45,-82.94,16.36
2021-04-05T12:20:04.438,-81.04,-82.88,17.35
2021-04-05T12:20:04.500,-81.12,-82.77,17.16
2021-04-05T12:20:04.563,-80.37,-83.00,16.43
2021-04-05T12:20:04.625,-81.85,-82.96,16.61
2021-04-05T12:20:04.688,-81.63,-82.74,17.07
2021-04-05T12:20:04.750,-81.44,-82.91,17.08
2021-04-05T12:20:04.813,-81.51,-82.87,16.78
2021-04-05T12:20:04.875,-81.63,-82.73,17.11
2021-04-05T12:20:04.938,-79.75,-82.77,15.80
2021-04-05T12:20:05.000,-81.44,-82.91,16.59
2021-04-05T12:20:05.063,-82.03,-82.79,16.89
2021-04-05T12:20:05.125,-80.52,-82.90,16.60
2021-04-05T12:20:05.188,-82.54,-82.75,17.55
2021-04-05T12:20:05.250,-82.95,-82.81,18.39
2021-04-05T12:20:05.313,-81.18,-82.72,17.03
2021-04-05T12:20:05.375,-81.38,-82.96,17.38
2021-04-05T12:20:05.438,-81.85,-82.97,17.09
2021-04-05T12:20:05.500,-80.98,-82.90,16.74
2021-04-05T12:20:05.563,-81.97,-82.86,17.50
2021-04-05T12:20:05.625,-80.98,-82.92,16.88
2021-04-05T12:20:05.688,-82.09,-82.72,17.26
2021-04-05T12:20:05.750,-81.78,-83.04,17.75
2021-04-05T12:20:05.813,-81.57,-82.78,16.81
2021-04-05T12:20:05.875,-81.38,-82.99,18.11
2021-04-05T12:20:05.938,-82.32,-82.99,18.16
2021-04-05T12:20:06.000,-81.97,-82.85,18.26
2021-04-05T12:20:06.063,-80.37,-83.03,16.30
2021-04-05T12:20:06.125,-80.84,-83.02,16.60
2021-04-05T12:20:06.188,-81.51,-82.87,17.37
2021-04-05T12:20:06.250,-81.45,-82.89,16.99
2021-04-05T12:20:06.313,-81.44,-82.90,17.25
2021-04-05T12:20:06.375,-82.43,-82.85,18.24
2021-04-05T12:20:06.438,-82.44,-82.84,17.72
2021-04-05T12:20:06.500,-81.91,-82.94,17.15
2021-04-05T12:20:06.563,-81.45,-82.88,16.98
2021-04-05T12:20:06.625,-81.38,-82.95,16.83
2021-04-05T12:20:06.688,-82.43,-82.88,17.63
2021-04-05T12:20:06.750,-81.05,-82.85,16.50
2021-04-05T12:20:06.813,-81.51,-82.86,17.14
2021-04-05T12:20:06.875,-81.51,-82.85,17.40
2021-04-05T12:20:06.938,-83.05,-82.69,18.21
2021-04-05T12:20:07.000,-82.54,-82.74,18.75
2021-04-05T12:20:07.063,-80.91,-82.97,17.02
2021-04-05T12:20:07.125,-80.52,-82.89,15.90
2021-04-05T12:20:07.188,-82.43,-82.87,18.58
2021-04-05T12:20:07.250,-81.44,-82.91,17.21
2021-04-05T12:20:07.313,-81.05,-82.85,17.19
2021-04-05T12:20:07.375,-82.43,-82.85,18.55
2021-04-05T12:20:07.438,-83.31,-82.92,18.86
2021-04-05T12:20:07.500,-82.49,-82.80,18.06
2021-04-05T12:20:07.563,-80.98,-82.90,17.07
2021-04-05T12:20:07.625,-81.97,-82.85,17.78
2021-04-05T12:20:07.688,-80.45,-82.94,16.33
2021-04-05T12:20:07.750,-81.44,-82.91,17.23
2021-04-05T12:20:07.813,-81.91,-82.90,16.90
2021-04-05T12:20:07.875,-81.85,-82.98,17.37
2021-04-05T12:20:07.938,-81.38,-82.96,16.92
2021-04-05T12:20:08.000,-82.38,-82.92,18.15
2021-04-05T12:20:08.063,-81.64,-82.72,17.92
2021-04-05T12:20:08.125,-81.97,-82.87,17.04
2021-04-05T12:20:08.188,-80.59,-82.86,16.68
2021-04-05T12:20:08.250,-81.12,-82.78,17.59
2021-04-05T12:20:08.313,-81.45,-82.89,17.67
2021-04-05T12:20:08.375,-82.03,-82.80,17.80
2021-04-05T12:20:08.438,-81.38,-82.95,16.78
2021-04-05T12:20:08.500,-82.49,-82.80,18.81
2021-04-05T12:20:08.563,-82.44,-82.84,17.94
2021-04-05T12:20:08.625,-80.98,-82.90,17.00
2021-04-05T12:20:08.688,-82.03,-82.81,17.54
2021-04-05T12:20:08.750,-81.91,-82.91,20.24
2021-04-05T12:20:08.813,-81.05,-82.82,16.85
2021-04-05T12:20:08.875,-81.57,-82.78,18.37
2021-04-05T12:20:08.938,-81.51,-82.85,17.85
2021-04-05T12:20:09.000,-81.44,-82.91,16.87
2021-04-05T12:20:09.063,-82.09,-82.75,17.44
2021-04-05T12:20:09.125,-81.85,-82.98,18.35
2021-04-05T12:20:09.188,-81.79,-83.03,17.85
2021-04-05T12:20:09.250,-81.11,-82.80,16.48
2021-04-05T12:20:09.313,-81.85,-82.98,16.96
2021-04-05T12:20:09.375,-81.05,-82.84,17.58
2021-04-05T12:20:09.438,-81.91,-82.92,17.99
2021-04-05T12:20:09.500,-82.49,-82.80,19.34
2021-04-05T12:20:09.563,-82.09,-82.72,19.57
2021-04-05T12:20:09.625,-80.98,-82.93,18.67
2021-04-05T12:20:09.688,-81.91,-82.89,19.85
2021-04-05T12:20:09.750,-80.52,-82.86,17.14
2021-04-05T12:20:09.813,-79.90,-82.99,18.04
2021-04-05T12:20:09.875,-81.44,-82.91,18.75
2021-04-05T12:20:09.938,-81.38,-82.98,18.20
2021-04-05T12:20:10.000,-81.05,-82.84,18.25
2021-04-05T12:20:10.063,-81.91,-82.89,18.28
2021-04-05T12:20:10.125,-81.97,-82.85,19.60
2021-04-05T12:20:10.188,-81.51,-82.86,19.10
2021-04-05T12:20:10.250,-80.06,-82.88,18.02
2021-04-05T12:20:10.313,-81.51,-82.87,19.28
2021-04-05T12:20:10.375,-80.44,-82.97,17.70
2021-04-05T12:20:10.438,-81.97,-82.87,18.96
2021-04-05T12:20:10.500,-82.03,-82.80,20.44
2021-04-05T12:20:10.563,-82.49,-82.80,21.40
2021-04-05T12:20:10.625,-81.05,-82.83,19.77
2021-04-05T12:20:10.688,-81.31,-83.05,15.59
2021-04-05T12:20:10.750,-81.51,-82.88,16.25
2021-04-05T12:20:10.813,-81.38,-82.95,16.50
2021-04-05T12:20:10.875,-80.98,-82.88,16.58
2021-04-05T12:20:10.938,-82.49,-82.80,17.88
2021-04-05T12:20:11.000,-82.03,-82.81,17.79
2021-04-05T12:20:11.063,-81.38,-82.95,16.66
2021-04-05T12:20:11.125,-79.90,-83.01,15.23
2021-04-05T12:20:11.188,-81.24,-83.09,16.34
2021-04-05T12:20:11.250,-81.38,-82.96,17.02
2021-04-05T12:20:11.313,-81.44,-82.90,16.96
2021-04-05T12:20:11.375,-81.51,-82.85,17.19
2021-04-05T12:20:11.438,-80.98,-82.90,16.42
2021-04-05T12:20:11.500,-81.05,-82.85,16.58
2021-04-05T12:20:11.563,-81.91,-82.91,17.57
2021-04-05T12:20:11.625,-82.90,-82.86,17.95
2021-04-05T12:20:11.688,-81.97,-82.87,17.16
2021-04-05T12:20:11.750,-80.52,-82.89,16.38
2021-04-05T12:20:11.813,-80.98,-82.94,16.76
2021-04-05T12:20:11.875,-80.98,-82.90,17.48
2021-04-05T12:20:11.938,-81.38,-82.98,16.90
2021-04-05T12:20:12.000,-82.90,-82.87,18.22
2021-04-05T12:20:12.063,-81.38,-82.97,17.14
2021-04-05T12:20:12.125,-81.51,-82.86,16.77
2021-04-05T12:20:12.188,-82.49,-82.82,17.50
2021-04-05T12:20:12.250,-81.44,-82.93,17.31
2021-04-05T12:20:12.313,-81.91,-82.90,18.27
2021-04-05T12:20:12.375,-81.05,-82.85,16.88
2021-04-05T12:20:12.438,-80.13,-82.82,16.81
2021-04-05T12:20:12.500,-81.91,-82.91,16.87
2021-04-05T12:20:12.563,-81.85,-82.99,17.09
2021-04-05T12:20:12.625,-81.79,-83.03,17.28
2021-04-05T12:20:12.688,-82.38,-82.92,18.56
2021-04-05T12:20:12.750,-83.05,-82.71,20.08
2021-04-05T12:20:12.813,-82.49,-82.81,20.41
2021-04-05T12:20:12.875,-83.83,-82.87,20.90
2021-04-05T12:20:12.938,-81.45,-82.89,19.23
2021-04-05T12:20:13.000,-81.91,-82.88,17.34
2021-04-05T12:20:13.063,-81.45,-82.90,16.10
2021-04-05T12:20:13.125,-81.91,-82.93,16.31
2021-04-05T12:20:13.188,-79.90,-83.00,13.69
2021-04-05T12:20:13.250,-81.85,-82.95,15.45
2021-04-05T12:20:13.313,-82.03,-82.80,16.22
2021-04-05T12:20:13.375,-82.09,-82.72,16.34
2021-04-05T12:20:13.438,-82.38,-82.93,16.05
2021-04-05T12:20:13.500,-81.63,-82.73,15.77
2021-04-05T12:20:13.563,-81.45,-82.90,16.30
2021-04-05T12:20:13.625,-82.49,-82.81,16.82
2021-04-05T12:20:13.688,-82.49,-82.83,15.97
2021-04-05T12:20:13.750,-81.51,-82.85,14.86
2021-04-05T12:20:13.813,-81.91,-82.93,16.26
2021-04-05T12:20:13.875,-81.38,-82.96,15.04
2021-04-05T12:20:13.938,-80.37,-83.02,14.06
2021-04-05T12:20:14.000,-80.98,-82.89,15.90
2021-04-05T12:20:14.063,-81.51,-82.85,16.30
2021-04-05T12:20:14.125,-82.90,-82.85,16.61
2021-04-05T12:20:14.188,-81.97,-82.87,16.89
2021-04-05T12:20:14.250,-81.38,-82.96,15.88
2021-04-05T12:20:14.313,-81.91,-82.93,16.39
2021-04-05T12:20:14.375,-80.91,-82.97,15.64
2021-04-05T12:20:14.438,-81.05,-82.83,15.05
2021-04-05T12:20:14.500,-81.24,-82.68,16.15
2021-04-05T12:20:14.563,-81.91,-82.92,16.32
2021-04-05T12:20:14.625,-82.03,-82.79,16.51
2021-04-05T12:20:14.688,-81.05,-82.82,16.58
2021-04-05T12:20:14.750,-80.59,-82.84,15.25
2021-04-05T12:20:14.813,-81.05,-82.83,15.76
2021-04-05T12:20:14.875,-80.66,-82.79,15.45
2021-04-05T12:20:14.938,-81.85,-82.96,16.75
2021-04-05T12:20:15.000,-81.44,-82.90,16.62
2021-04-05T12:20:15.063,-80.44,-82.95,15.63
2021-04-05T12:20:15.125,-81.97,-82.85,16.96
2021-04-05T12:20:15.188,-81.57,-82.77,17.02
2021-04-05T12:20:15.250,-81.97,-82.88,16.85
2021-04-05T12:20:15.313,-79.90,-83.01,15.51
2021-04-05T12:20:15.375,-81.91,-82.91,16.90
2021-04-05T12:20:15.438,-81.44,-82.92,16.73
2021-04-05T12:20:15.500,-81.51,-82.84,16.75
2021-04-05T12:20:15.563,-81.57,-82.78,17.39
2021-04-05T12:20:15.625,-81.85,-82.98,17.24
2021-04-05T12:20:15.688,-81.38,-82.97,16.41
2021-04-05T12:20:15.750,-80.30,-83.06,16.35
2021-04-05T12:20:15.813,-82.09,-82.74,16.92
2021-04-05T12:20:15.875,-81.91,-82.90,17.23
2021-04-05T12:20:15.938,-80.22,-83.11,16.45
2021-04-05T12:20:16.000,-80.05,-82.91,15.69
2021-04-05T12:20:16.063,-82.03,-82.79,18.12
2021-04-05T12:20:16.125,-81.12,-82.77,17.21
2021-04-05T12:20:16.188,-81.44,-82.94,16.58
2021-04-05T12:20:16.250,-82.43,-82.86,18.41
2021-04-05T12:20:16.313,-82.32,-82.99,17.29
2021-04-05T12:20:16.375,-81.91,-82.88,17.94
2021-04-05T12:20:16.438,-81.57,-82.80,16.92
2021-04-05T12:20:16.500,-81.51,-82.84,16.94
2021-04-05T12:20:16.563,-81.97,-82.86,17.85
2021-04-05T12:20:16.625,-81.38,-82.98,17.01
2021-04-05T12:20:16.688,-81.05,-82.83,15.89
2021-04-05T12:20:16.750,-81.38,-82.93,16.90
2021-04-05T12:20:16.813,-81.97,-82.85,17.27
2021-04-05T12:20:16.875,-82.03,-82.78,17.05
2021-04-05T12:20:16.938,-81.44,-82.91,16.60
2021-04-05T12:20:17.000,-82.43,-82.88,18.47
2021-04-05T12:20:17.063,-80.52,-82.90,19.13
2021-04-05T12:20:17.125,-82.09,-82.74,21.15
2021-04-05T12:20:17.188,-82.49,-82.78,22.88
2021-04-05T12:20:17.250,-80.45,-82.94,29.11
2021-04-05T12:20:17.313,-81.91,-82.92,30.62
2021-04-05T12:20:17.375,-82.44,-82.84,19.14
2021-04-05T12:20:17.438,-81.91,-82.93,19.89
2021-04-05T12:20:17.500,-81.85,-82.97,23.21
2021-04-05T12:20:17.563,-82.84,-82.93,29.09
2021-04-05T12:20:17.625,-80.98,-82.89,32.64
2021-04-05T12:20:17.688,-81.97,-82.85,33.41
2021-04-05T12:20:17.750,-81.51,-82.85,38.36
2021-04-05T12:20:17.813,-81.12,-82.76,34.92
2021-04-05T12:20:17.875,-81.79,-83.03,37.14
2021-04-05T12:20:17.938,-82.15,-82.68,35.73
2021-04-05T12:20:18.000,-81.57,-82.79,30.56
2021-04-05T12:20:18.063,-82.09,-82.76,26.56
2021-04-05T12:20:18.125,-82.03,-82.83,26.71
2021-04-05T12:20:18.188,-81.97,-82.84,27.19
2021-04-05T12:20:18.250,-81.97,-82.84,28.32
2021-04-05T12:20:18.313,-81.44,-82.92,28.25
2021-04-05T12:20:18.375,-81.05,-82.85,27.43
2021-04-05T12:20:18.438,-81.44,-82.90,28.19
2021-04-05T12:20:18.500,-79.90,-83.00,25.53
2021-04-05T12:20:18.563,-81.85,-82.95,27.73
2021-04-05T12:20:18.625,-81.51,-82.85,27.76
2021-04-05T12:20:18.688,-81.79,-83.03,28.91
2021-04-05T12:20:18.750,-79.32,-83.43,26.56
2021-04-05T12:20:18.813,-82.43,-82.85,28.40
2021-04-05T12:20:18.875,-81.51,-82.88,27.43
2021-04-05T12:20:18.938,-80.59,-82.83,26.84
2021-04-05T12:20:19.000,-81.44,-82.90,27.09
2021-04-05T12:20:19.063,-80.91,-82.95,26.74
2021-04-05T12:20:19.125,-82.14,-82.71,27.49
2021-04-05T12:20:19.188,-79.98,-82.93,26.46
2021-04-05T12:20:19.250,-80.91,-82.97,26.89
2021-04-05T12:20:19.313,-82.49,-82.84,29.03
2021-04-05T12:20:19.375,-81.97,-82.85,27.83
2021-04-05T12:20:19.438,-82.43,-82.88,29.14
2021-04-05T12:20:19.500,-80.91,-82.94,27.06
2021-04-05T12:20:19.563,-81.57,-82.81,27.87
2021-04-05T12:20:19.625,-81.85,-82.97,28.21
2021-04-05T12:20:19.688,-81.05,-82.84,27.68
2021-04-05T12:20:19.750,-80.98,-82.88,27.10
2021-04-05T12:20:19.813,-82.03,-82.83,27.98
2021-04-05T12:20:19.875,-82.38,-82.91,28.49
2021-04-05T12:20:19.938,-81.45,-82.90,26.69
2021-04-05T12:20:20.000,-80.29,-83.07,26.48
2021-04-05T12:20:20.063,-81.51,-82.87,27.86
2021-04-05T12:20:20.125,-81.97,-82.84,27.61
2021-04-05T12:20:20.188,-81.57,-82.83,28.50
2021-04-05T12:20:20.250,-80.98,-82.90,27.63
2021-04-05T12:20:20.313,-80.84,-83.01,26.94
2021-04-05T12:20:20.375,-80.84,-83.00,27.86
2021-04-05T12:20:20.438,-81.05,-82.81,27.62
2021-04-05T12:20:20.500,-81.91,-82.91,27.95
2021-04-05T12:20:20.563,-82.32,-82.99,28.60
2021-04-05T12:20:20.625,-81.97,-82.85,28.64
2021-04-05T12:20:20.688,-80.77,-83.07,26.88
2021-04-05T12:20:20.750,-81.70,-82.65,28.47
2021-04-05T12:20:20.813,-80.98,-82.87,27.32
2021-04-05T12:20:20.875,-80.20,-82.76,26.51
2021-04-05T12:20:20.938,-80.21,-82.74,26.44
