ISO 8601 Time,Ax (g),Ay (g),Az (g),Mx (mG),My (mG),Mz (mG)
2021-04-05T12:22:22.000,0.97295,-0.12078,0.01704,215.97,130.15,-107.00
2021-04-05T12:22:22.063,0.97395,-0.12275,0.01905,214.30,130.15,-106.08
2021-04-05T12:22:22.125,0.97491,-0.11977,0.01703,215.97,132.81,-106.06
2021-04-05T12:22:22.188,0.97494,-0.12276,0.01806,214.30,130.17,-104.25
2021-04-05T12:22:22.250,0.97002,-0.12382,0.01410,215.14,132.81,-106.06
2021-04-05T12:22:22.313,0.96999,-0.12178,0.01903,214.30,131.02,-107.90
2021-04-05T12:22:22.375,0.97100,-0.12281,0.01508,214.31,131.89,-108.81
2021-04-05T12:22:22.438,0.96802,-0.12181,0.01705,216.81,130.13,-108.83
2021-04-05T12:22:22.500,0.97296,-0.12178,0.01705,215.97,130.15,-107.00
2021-04-05T12:22:22.563,0.97595,-0.12378,0.01509,214.30,127.49,-107.02
2021-04-05T12:22:22.625,0.97298,-0.12379,0.01608,215.14,131.01,-108.82
2021-04-05T12:22:22.688,0.97493,-0.12175,0.01904,215.97,130.16,-105.17
2021-04-05T12:22:22.750,0.97391,-0.11878,0.01701,215.97,128.37,-107.93
2021-04-05T12:22:22.813,0.97296,-0.12177,0.01804,215.97,130.13,-108.83
2021-04-05T12:22:22.875,0.97096,-0.11980,0.01603,215.14,130.15,-106.08
2021-04-05T12:22:22.938,0.97097,-0.12078,0.01803,215.97,129.25,-107.92
2021-04-05T12:22:23.000,0.97492,-0.12078,0.01605,217.64,131.92,-106.98
2021-04-05T12:22:23.063,0.97394,-0.12177,0.01705,215.14,130.14,-107.91
2021-04-05T12:22:23.125,0.97497,-0.12476,0.01709,215.97,129.24,-108.84
2021-04-05T12:22:23.188,0.97196,-0.12080,0.01505,214.30,131.04,-106.07
2021-04-05T12:22:23.250,0.97000,-0.12179,0.01705,214.30,131.90,-107.90
2021-04-05T12:22:23.313,0.97394,-0.12174,0.02102,215.14,132.79,-107.89
2021-04-05T12:22:23.375,0.97296,-0.12177,0.01804,216.81,131.02,-107.90
2021-04-05T12:22:23.438,0.97293,-0.11975,0.02000,216.81,132.80,-106.97
2021-04-05T12:22:23.500,0.97394,-0.12078,0.01605,215.97,131.01,-108.82
2021-04-05T12:22:23.563,0.97494,-0.12275,0.01905,213.47,131.90,-107.89
2021-04-05T12:22:23.625,0.97394,-0.12177,0.01705,214.30,131.01,-108.82
2021-04-05T12:22:23.688,0.96998,-0.12080,0.01704,214.30,131.04,-105.16
2021-04-05T12:22:23.750,0.97394,-0.12176,0.01804,215.14,130.14,-107.91
2021-04-05T12:22:23.813,0.97197,-0.12179,0.01606,214.31,133.69,-106.05
2021-04-05T12:22:23.875,0.97492,-0.12076,0.01803,214.30,131.03,-106.99
2021-04-05T12:22:23.938,0.97696,-0.12675,0.01711,215.97,131.02,-107.90
2021-04-05T12:22:24.000,0.97590,-0.12075,0.01902,215.97,129.25,-107.92
2021-04-05T12:22:24.063,0.97297,-0.12280,0.01508,215.97,131.91,-107.90
2021-04-05T12:22:24.125,0.97393,-0.12076,0.01902,216.81,132.79,-107.89
2021-04-05T12:22:24.188,0.96902,-0.12281,0.01607,215.97,130.15,-107.00
2021-04-05T12:22:24.250,0.97297,-0.12279,0.01607,215.14,130.14,-107.00
2021-04-05T12:22:24.313,0.97492,-0.12077,0.01704,214.31,133.71,-104.22
2021-04-05T12:22:24.375,0.97392,-0.11978,0.01603,215.14,131.04,-106.08
2021-04-05T12:22:24.438,0.97393,-0.12077,0.01704,216.81,131.06,-104.25
2021-04-05T12:22:24.500,0.97195,-0.12077,0.01902,218.48,135.43,-109.69
2021-04-05T12:22:24.563,0.96998,-0.12080,0.01704,216.81,134.56,-107.87
2021-04-05T12:22:24.625,0.97197,-0.12178,0.01705,218.48,132.81,-106.06
2021-04-05T12:22:24.688,0.97296,-0.12177,0.01804,213.47,135.46,-105.12
2021-04-05T12:22:24.750,0.97198,-0.12276,0.01905,213.47,135.50,-101.46
2021-04-05T12:22:24.813,0.97592,-0.12175,0.01804,211.80,134.61,-101.47
2021-04-05T12:22:24.875,0.97196,-0.12079,0.01604,212.63,133.76,-97.82
2021-04-05T12:22:24.938,0.97096,-0.11978,0.01802,211.80,131.97,-99.67
2021-04-05T12:22:25.000,0.97394,-0.12176,0.01903,210.96,129.33,-98.78
2021-04-05T12:22:25.063,0.97297,-0.12278,0.01706,209.29,130.23,-96.94
2021-04-05T12:22:25.125,0.96998,-0.12079,0.01803,209.29,131.07,-101.50
2021-04-05T12:22:25.188,0.97595,-0.12378,0.01509,212.63,131.05,-104.25
2021-04-05T12:22:25.250,0.97197,-0.12178,0.01705,212.64,132.79,-106.97
2021-04-05T12:22:25.313,0.97493,-0.12176,0.01804,212.64,132.80,-106.06
2021-04-05T12:22:25.375,0.97793,-0.12476,0.01610,212.63,131.03,-106.07
2021-04-05T12:22:25.438,0.97096,-0.11978,0.01802,213.47,130.12,-108.83
2021-04-05T12:22:25.500,0.97002,-0.12379,0.01707,219.30,123.99,-103.40
2021-04-05T12:22:25.563,0.97296,-0.12179,0.01606,215.96,127.53,-103.37
2021-04-05T12:22:25.625,0.97293,-0.11978,0.01703,217.64,129.30,-103.35
2021-04-05T12:22:25.688,0.97492,-0.12077,0.01704,220.97,124.89,-102.48
2021-04-05T12:22:25.750,0.97396,-0.12278,0.01607,218.47,126.68,-99.72
2021-04-05T12:22:25.813,0.97198,-0.12277,0.01805,219.31,129.29,-104.27
2021-04-05T12:22:25.875,0.97194,-0.11977,0.01901,220.97,130.21,-100.60
2021-04-05T12:22:25.938,0.97295,-0.12079,0.01605,220.14,125.75,-104.30
2021-04-05T12:22:26.000,0.97295,-0.12176,0.01903,220.14,128.42,-103.36
2021-04-05T12:22:26.063,0.97491,-0.11977,0.01703,221.81,131.04,-106.99
2021-04-05T12:22:26.125,0.97198,-0.12278,0.01706,217.64,131.95,-103.33
2021-04-05T12:22:26.188,0.97197,-0.12177,0.01903,220.14,128.42,-103.36
2021-04-05T12:22:26.250,0.97390,-0.11776,0.01899,217.64,131.06,-104.25
2021-04-05T12:22:26.313,0.97100,-0.12377,0.01906,216.81,135.49,-103.29
2021-04-05T12:22:26.375,0.97001,-0.12280,0.01607,218.47,130.18,-103.34
2021-04-05T12:22:26.438,0.97593,-0.12276,0.01706,216.80,130.18,-103.34
2021-04-05T12:22:26.500,0.97298,-0.12280,0.01409,218.47,131.08,-101.51
2021-04-05T12:22:26.563,0.97397,-0.12377,0.01707,217.64,131.95,-103.33
2021-04-05T12:22:26.625,0.97195,-0.11979,0.01703,217.64,131.96,-102.41
2021-04-05T12:22:26.688,0.97294,-0.12077,0.01803,218.47,130.18,-103.34
2021-04-05T12:22:26.750,0.97296,-0.12177,0.01804,216.80,128.40,-104.27
2021-04-05T12:22:26.813,0.97293,-0.11976,0.01901,216.80,130.17,-104.26
2021-04-05T12:22:26.875,0.97394,-0.12177,0.01705,217.64,129.29,-104.27
2021-04-05T12:22:26.938,0.97690,-0.12175,0.01804,215.97,130.19,-102.43
2021-04-05T12:22:27.000,0.97591,-0.12076,0.01803,215.97,131.94,-104.24
2021-04-05T12:22:27.063,0.97101,-0.12379,0.01707,215.97,130.18,-103.34
2021-04-05T12:22:27.125,0.97296,-0.12178,0.01705,217.64,129.32,-100.61
2021-04-05T12:22:27.188,0.97692,-0.12275,0.01806,215.97,127.52,-104.28
2021-04-05T12:22:27.250,0.97298,-0.12378,0.01707,216.80,127.53,-102.45
2021-04-05T12:22:27.313,0.97592,-0.12177,0.01606,216.80,130.19,-102.43
2021-04-05T12:22:27.375,0.97393,-0.12076,0.01902,217.63,127.54,-101.54
2021-04-05T12:22:27.438,0.97100,-0.12281,0.01508,215.96,126.66,-101.55
2021-04-05T12:22:27.500,0.97197,-0.12276,0.02004,217.64,129.31,-101.52
2021-04-05T12:22:27.563,0.97202,-0.12579,0.01611,217.63,127.54,-101.54
2021-04-05T12:22:27.625,0.97589,-0.11974,0.02000,221.81,130.20,-102.43
2021-04-05T12:22:27.688,0.97293,-0.11976,0.01901,216.80,127.58,-97.88
2021-04-05T12:22:27.750,0.96902,-0.12281,0.01607,216.80,127.57,-98.80
2021-04-05T12:22:27.813,0.96999,-0.12081,0.01505,218.47,125.77,-102.47
2021-04-05T12:22:27.875,0.97300,-0.12578,0.01611,219.30,129.32,-100.61
2021-04-05T12:22:27.938,0.96900,-0.12080,0.01704,219.30,128.42,-102.45
2021-04-05T12:22:28.000,0.97396,-0.12277,0.01706,220.98,131.97,-101.50
2021-04-05T12:22:28.063,0.96998,-0.12079,0.01803,218.47,129.31,-101.52
2021-04-05T12:22:28.125,0.97392,-0.11977,0.01802,217.64,130.21,-100.60
2021-04-05T12:22:28.188,0.97297,-0.12279,0.01607,215.13,131.12,-96.93
2021-04-05T12:22:28.250,0.97785,-0.11774,0.01899,213.47,134.63,-99.64
2021-04-05T12:22:28.313,0.97100,-0.12280,0.01607,213.48,137.24,-104.19
2021-04-05T12:22:28.375,0.97691,-0.12176,0.01705,215.97,132.81,-105.15
2021-04-05T12:22:28.438,0.97392,-0.11978,0.01703,215.98,134.59,-104.21
2021-04-05T12:22:28.500,0.97588,-0.11779,0.01502,216.81,133.69,-106.05
2021-04-05T12:22:28.563,0.97392,-0.11977,0.01802,215.14,133.71,-103.31
2021-04-05T12:22:28.625,0.97492,-0.12075,0.01902,215.14,135.48,-103.29
2021-04-05T12:22:28.688,0.97394,-0.12177,0.01705,216.81,134.57,-106.96
2021-04-05T12:22:28.750,0.97196,-0.12079,0.01704,216.81,134.58,-106.04
2021-04-05T12:22:28.813,0.97394,-0.12177,0.01705,215.98,133.67,-108.79
2021-04-05T12:22:28.875,0.97198,-0.12279,0.01607,214.30,131.91,-106.98
2021-04-05T12:22:28.938,0.96802,-0.12181,0.01705,212.64,132.80,-106.06
2021-04-05T12:22:29.000,0.97393,-0.12077,0.01803,217.64,131.89,-109.73
2021-04-05T12:22:29.063,0.97001,-0.12279,0.01706,216.81,132.80,-106.97
2021-04-05T12:22:29.125,0.97293,-0.11880,0.01503,216.81,130.13,-108.83
2021-04-05T12:22:29.188,0.97492,-0.12077,0.01704,215.14,130.09,-112.48
2021-04-05T12:22:29.250,0.97493,-0.12177,0.01705,214.31,131.89,-108.81
2021-04-05T12:22:29.313,0.97492,-0.12075,0.01902,211.80,130.13,-107.91
2021-04-05T12:22:29.375,0.97191,-0.11677,0.01897,212.63,128.34,-110.67
2021-04-05T12:22:29.438,0.97391,-0.11879,0.01602,212.63,129.21,-111.58
2021-04-05T12:22:29.500,0.97590,-0.12075,0.01902,210.96,128.34,-110.67
2021-04-05T12:22:29.563,0.97394,-0.12176,0.01804,213.47,129.23,-109.75
2021-04-05T12:22:29.625,0.97097,-0.12080,0.01604,210.13,129.22,-110.66
2021-04-05T12:22:29.688,0.97197,-0.12179,0.01606,211.80,127.44,-111.59
2021-04-05T12:22:29.750,0.97694,-0.12475,0.01709,213.47,129.27,-106.09
2021-04-05T12:22:29.813,0.97593,-0.12276,0.01706,214.30,130.13,-107.91
2021-04-05T12:22:29.875,0.96903,-0.12379,0.01806,211.80,131.91,-106.98
2021-04-05T12:22:29.938,0.97098,-0.12178,0.01804,214.31,134.58,-105.13
2021-04-05T12:22:30.000,0.97298,-0.12379,0.01608,215.14,133.70,-105.14
2021-04-05T12:22:30.063,0.97295,-0.12078,0.01704,215.14,135.49,-102.38
2021-04-05T12:22:30.125,0.97293,-0.11978,0.01703,215.98,133.70,-105.14
2021-04-05T12:22:30.188,0.97097,-0.12079,0.01704,216.81,131.92,-106.98
2021-04-05T12:22:30.250,0.97493,-0.12174,0.02003,212.63,131.95,-102.41
2021-04-05T12:22:30.313,0.97297,-0.12280,0.01508,215.97,134.61,-102.39
2021-04-05T12:22:30.375,0.97098,-0.12178,0.01804,215.14,133.72,-102.39
2021-04-05T12:22:30.438,0.97495,-0.12375,0.01906,214.30,131.06,-103.33
2021-04-05T12:22:30.500,0.97495,-0.12374,0.02005,210.96,131.06,-102.42
2021-04-05T12:22:30.563,0.97787,-0.11975,0.01703,210.96,131.95,-102.41
2021-04-05T12:22:30.625,0.96998,-0.12078,0.01902,210.13,131.03,-106.07
2021-04-05T12:22:30.688,0.97494,-0.12275,0.01905,215.98,134.56,-107.87
2021-04-05T12:22:30.750,0.97394,-0.12177,0.01705,214.31,138.14,-103.27
2021-04-05T12:22:30.813,0.96900,-0.12081,0.01604,215.14,135.47,-105.12
2021-04-05T12:22:30.875,0.97495,-0.12377,0.01708,215.14,134.58,-105.13
2021-04-05T12:22:30.938,0.97294,-0.12077,0.01803,215.14,135.50,-101.46
2021-04-05T12:22:31.000,0.97199,-0.12376,0.01906,214.30,131.94,-103.32
2021-04-05T12:22:31.063,0.97097,-0.12079,0.01704,215.97,133.74,-100.57
2021-04-05T12:22:31.125,0.97294,-0.12077,0.01803,216.81,134.61,-102.39
2021-04-05T12:22:31.188,0.97394,-0.12176,0.01804,215.97,132.84,-102.40
2021-04-05T12:22:31.250,0.97588,-0.11876,0.01801,216.81,134.59,-104.21
2021-04-05T12:22:31.313,0.97494,-0.12277,0.01706,216.81,133.73,-101.48
2021-04-05T12:22:31.375,0.97294,-0.12077,0.01803,217.64,133.72,-103.31
2021-04-05T12:22:31.438,0.97195,-0.11979,0.01703,218.47,129.29,-104.27
2021-04-05T12:22:31.500,0.97788,-0.12074,0.01903,217.64,132.84,-102.40
2021-04-05T12:22:31.563,0.97003,-0.12478,0.01808,218.48,131.94,-104.24
2021-04-05T12:22:31.625,0.97788,-0.12075,0.01704,215.97,130.12,-109.74
2021-04-05T12:22:31.688,0.97097,-0.12078,0.01803,220.14,129.29,-104.27
2021-04-05T12:22:31.750,0.97098,-0.12180,0.01606,213.47,131.89,-108.81
2021-04-05T12:22:31.813,0.97097,-0.12077,0.01902,218.48,130.14,-107.91
2021-04-05T12:22:31.875,0.97000,-0.12180,0.01606,217.64,128.39,-106.10
2021-04-05T12:22:31.938,0.97294,-0.12077,0.01803,217.64,131.03,-106.99
2021-04-05T12:22:32.000,0.97098,-0.12178,0.01804,219.32,135.47,-105.12
2021-04-05T12:22:32.063,0.97594,-0.12374,0.01906,217.65,136.35,-106.03
2021-04-05T12:22:32.125,0.97494,-0.12277,0.01706,215.99,141.67,-104.15
2021-04-05T12:22:32.188,0.97295,-0.12078,0.01704,210.98,146.09,-103.19
2021-04-05T12:22:32.250,0.97396,-0.12278,0.01607,212.64,138.12,-104.18
2021-04-05T12:22:32.313,0.97395,-0.12276,0.01805,213.47,131.92,-106.07
2021-04-05T12:22:32.375,0.97592,-0.12176,0.01705,212.64,133.68,-106.96
2021-04-05T12:22:32.438,0.97788,-0.12075,0.01704,213.48,135.44,-107.86
2021-04-05T12:22:32.500,0.97198,-0.12279,0.01607,213.47,132.81,-105.14
2021-04-05T12:22:32.563,0.97392,-0.11978,0.01603,212.64,136.36,-104.20
2021-04-05T12:22:32.625,0.97298,-0.12377,0.01807,213.48,139.88,-105.99
2021-04-05T12:22:32.688,0.97395,-0.12276,0.01805,210.98,145.19,-105.03
2021-04-05T12:22:32.750,0.97196,-0.12078,0.01803,214.32,142.54,-105.05
2021-04-05T12:22:32.813,0.97393,-0.12076,0.01902,215.15,142.53,-106.88
2021-04-05T12:22:32.875,0.97197,-0.12177,0.01903,215.16,146.05,-108.68
2021-04-05T12:22:32.938,0.97394,-0.12079,0.01505,219.32,133.55,-122.51
2021-04-05T12:22:33.000,0.97984,-0.11973,0.01901,200.95,132.78,-106.05
2021-04-05T12:22:33.063,0.97193,-0.11878,0.01801,217.66,141.63,-108.72
2021-04-05T12:22:33.125,0.97003,-0.12480,0.01609,210.97,132.75,-111.54
2021-04-05T12:22:33.188,0.97394,-0.12177,0.01705,203.47,135.33,-117.91
2021-04-05T12:22:33.250,0.97298,-0.12379,0.01608,213.51,143.99,-139.78
2021-04-05T12:22:33.313,0.97394,-0.12176,0.01804,230.22,153.68,-147.01
2021-04-05T12:22:33.375,0.97295,-0.12078,0.01704,248.58,155.55,-138.77
2021-04-05T12:22:33.438,0.97589,-0.11974,0.02000,251.93,171.53,-133.14
2021-04-05T12:22:33.500,0.97692,-0.12275,0.01806,246.96,190.03,-140.28
2021-04-05T12:22:33.563,0.97493,-0.12175,0.01904,248.61,175.79,-149.55
2021-04-05T12:22:33.625,0.97298,-0.12379,0.01608,247.76,157.11,-161.61
2021-04-05T12:22:33.688,0.97590,-0.12074,0.02002,251.11,169.48,-163.33
2021-04-05T12:22:33.750,0.97096,-0.11979,0.01702,241.07,154.55,-150.66
2021-04-05T12:22:33.813,0.97095,-0.11878,0.01800,223.49,135.42,-111.52
2021-04-05T12:22:33.875,0.97294,-0.12075,0.02001,214.30,131.05,-104.25
2021-04-05T12:22:33.938,0.97296,-0.12276,0.01905,215.14,131.91,-106.98
2021-04-05T12:22:34.000,0.97199,-0.12378,0.01707,216.81,134.59,-105.13
2021-04-05T12:22:34.063,0.97295,-0.12078,0.01704,217.64,133.69,-106.05
2021-04-05T12:22:34.125,0.97196,-0.12078,0.01803,208.46,130.12,-108.82
2021-04-05T12:22:34.188,0.97298,-0.12377,0.01807,215.97,124.75,-117.10
2021-04-05T12:22:34.250,0.97193,-0.11878,0.01801,222.66,134.51,-114.27
2021-04-05T12:22:34.313,0.97789,-0.12173,0.02003,220.99,139.86,-109.65
2021-04-05T12:22:34.375,0.97296,-0.12179,0.01606,217.65,138.12,-106.01
2021-04-05T12:22:34.438,0.97198,-0.12278,0.01706,219.32,139.03,-103.26
2021-04-05T12:22:34.500,0.97690,-0.12175,0.01804,217.65,138.17,-100.53
2021-04-05T12:22:34.563,0.97496,-0.12377,0.01608,217.66,142.55,-104.14
2021-04-05T12:22:34.625,0.97491,-0.11976,0.01802,214.32,143.43,-105.04
2021-04-05T12:22:34.688,0.97293,-0.11976,0.01901,218.48,138.13,-104.18
2021-04-05T12:22:34.750,0.97890,-0.12374,0.01708,215.98,138.10,-106.92
2021-04-05T12:22:34.813,0.97393,-0.12077,0.01704,215.98,138.11,-106.01
2021-04-05T12:22:34.875,0.97393,-0.12077,0.01704,216.81,135.49,-103.29
2021-04-05T12:22:34.938,0.97688,-0.11975,0.01802,215.14,134.59,-104.21
2021-04-05T12:22:35.000,0.97194,-0.11977,0.01901,215.98,137.25,-103.28
2021-04-05T12:22:35.063,0.97295,-0.12078,0.01704,216.81,136.37,-103.28
2021-04-05T12:22:35.125,0.97197,-0.12177,0.01804,217.64,132.83,-104.23
2021-04-05T12:22:35.188,0.97399,-0.12578,0.01611,215.14,136.36,-104.20
2021-04-05T12:22:35.250,0.97690,-0.12077,0.01605,216.81,137.25,-104.19
2021-04-05T12:22:35.313,0.96901,-0.12182,0.01506,214.31,135.48,-103.29
2021-04-05T12:22:35.375,0.97496,-0.12475,0.01907,213.47,134.60,-102.38
2021-04-05T12:22:35.438,0.97691,-0.12177,0.01606,214.31,134.61,-101.47
2021-04-05T12:22:35.500,0.97195,-0.11980,0.01603,215.97,134.62,-101.47
2021-04-05T12:22:35.563,0.97296,-0.12178,0.01705,215.14,134.62,-101.47
2021-04-05T12:22:35.625,0.97589,-0.11975,0.01901,218.48,132.82,-105.15
2021-04-05T12:22:35.688,0.97394,-0.12175,0.02003,215.14,134.60,-103.30
2021-04-05T12:22:35.750,0.97197,-0.12178,0.01705,216.81,134.62,-101.47
2021-04-05T12:22:35.813,0.97097,-0.11982,0.01405,214.30,131.95,-102.41
2021-04-05T12:22:35.875,0.97393,-0.12077,0.01803,214.30,133.72,-102.39
2021-04-05T12:22:35.938,0.97394,-0.12177,0.01705,214.31,135.50,-101.46
2021-04-05T12:22:36.000,0.97196,-0.12176,0.02003,214.31,134.61,-101.47
2021-04-05T12:22:36.063,0.96899,-0.12079,0.01803,214.31,136.36,-104.20
2021-04-05T12:22:36.125,0.96901,-0.12277,0.02004,215.98,135.50,-101.46
2021-04-05T12:22:36.188,0.97296,-0.12177,0.01804,213.46,127.47,-108.85
2021-04-05T12:22:36.250,0.97193,-0.11876,0.01999,210.96,129.26,-106.09
2021-04-05T12:22:36.313,0.97494,-0.12277,0.01706,211.81,136.34,-106.02
2021-04-05T12:22:36.375,0.97492,-0.12077,0.01704,211.81,136.34,-106.02
2021-04-05T12:22:36.438,0.97394,-0.12176,0.01903,215.98,138.12,-105.10
2021-04-05T12:22:36.500,0.97295,-0.12176,0.01903,215.98,135.46,-106.03
2021-04-05T12:22:36.563,0.97296,-0.12179,0.01606,215.14,135.46,-106.03
2021-04-05T12:22:36.625,0.97491,-0.11975,0.01901,215.97,132.81,-105.15
2021-04-05T12:22:36.688,0.97790,-0.12176,0.01606,215.98,134.59,-104.21
2021-04-05T12:22:36.750,0.97197,-0.12177,0.01903,214.31,134.58,-105.13
2021-04-05T12:22:36.813,0.97491,-0.11978,0.01603,214.31,134.61,-101.47
2021-04-05T12:22:36.875,0.97101,-0.12379,0.01707,217.64,133.73,-102.40
2021-04-05T12:22:36.938,0.96898,-0.11978,0.01901,213.47,134.60,-102.38
2021-04-05T12:22:37.000,0.97592,-0.12175,0.01804,215.97,131.94,-104.24
2021-04-05T12:22:37.063,0.97194,-0.11977,0.01901,213.47,134.59,-104.21
2021-04-05T12:22:37.125,0.97591,-0.12078,0.01506,215.97,130.17,-104.26
2021-04-05T12:22:37.188,0.97294,-0.12076,0.01902,213.47,132.81,-105.14
2021-04-05T12:22:37.250,0.97098,-0.12180,0.01606,216.81,133.70,-105.14
2021-04-05T12:22:37.313,0.97393,-0.12077,0.01803,215.14,135.47,-105.12
2021-04-05T12:22:37.375,0.97296,-0.12177,0.01804,214.31,135.46,-106.03
2021-04-05T12:22:37.438,0.97097,-0.12080,0.01604,214.31,137.25,-103.27
2021-04-05T12:22:37.500,0.97788,-0.12074,0.01803,215.98,136.34,-106.03
2021-04-05T12:22:37.563,0.97199,-0.12379,0.01608,214.31,133.69,-106.05
2021-04-05T12:22:37.625,0.97197,-0.12177,0.01804,216.81,136.34,-106.94
2021-04-05T12:22:37.688,0.96901,-0.12180,0.01705,219.32,136.37,-104.20
2021-04-05T12:22:37.750,0.96997,-0.11978,0.01901,215.97,132.83,-103.32
2021-04-05T12:22:37.813,0.96998,-0.12078,0.01902,216.81,135.48,-104.21
2021-04-05T12:22:37.875,0.97491,-0.12074,0.02002,217.65,139.01,-105.09
2021-04-05T12:22:37.938,0.97490,-0.11876,0.01801,220.15,134.59,-105.13
2021-04-05T12:22:38.000,0.97295,-0.12078,0.01704,212.64,136.36,-104.20
2021-04-05T12:22:38.063,0.97491,-0.11976,0.01802,217.65,139.02,-104.17
2021-04-05T12:22:38.125,0.97492,-0.12078,0.01605,219.32,134.57,-106.96
2021-04-05T12:22:38.188,0.97099,-0.12278,0.01805,215.98,134.55,-108.79
2021-04-05T12:22:38.250,0.97297,-0.12278,0.01706,215.98,137.25,-104.19
2021-04-05T12:22:38.313,0.96996,-0.11976,0.02099,215.97,133.71,-104.22
2021-04-05T12:22:38.375,0.96998,-0.12079,0.01803,215.98,133.68,-106.97
2021-04-05T12:22:38.438,0.97000,-0.12179,0.01705,217.65,135.45,-107.86
2021-04-05T12:22:38.500,0.97393,-0.12077,0.01803,214.30,133.72,-102.39
2021-04-05T12:22:38.563,0.97196,-0.12078,0.01803,217.64,132.82,-105.15
2021-04-05T12:22:38.625,0.97689,-0.11977,0.01604,215.98,135.48,-103.29
2021-04-05T12:22:38.688,0.97294,-0.12077,0.01803,217.65,134.59,-104.22
2021-04-05T12:22:38.750,0.97296,-0.12178,0.01705,216.81,133.70,-105.14
2021-04-05T12:22:38.813,0.97297,-0.12277,0.01805,215.98,135.49,-102.38
2021-04-05T12:22:38.875,0.97495,-0.12278,0.01508,216.81,133.69,-106.05
2021-04-05T12:22:38.938,0.97198,-0.12278,0.01706,216.81,132.82,-104.23
2021-04-05T12:22:39.000,0.97000,-0.12278,0.01904,216.81,134.61,-102.39
2021-04-05T12:22:39.063,0.97398,-0.12478,0.01609,217.64,132.80,-106.97
2021-04-05T12:22:39.125,0.96603,-0.12080,0.01902,215.98,133.70,-105.14
2021-04-05T12:22:39.188,0.97002,-0.12379,0.01707,215.98,135.47,-105.12
2021-04-05T12:22:39.250,0.97296,-0.12177,0.01804,215.98,136.34,-106.03
2021-04-05T12:22:39.313,0.97198,-0.12278,0.01706,215.98,139.92,-102.34
2021-04-05T12:22:39.375,0.97298,-0.12378,0.01707,212.64,138.15,-101.44
2021-04-05T12:22:39.438,0.97492,-0.12075,0.01902,212.64,138.12,-104.18
2021-04-05T12:22:39.500,0.97196,-0.12079,0.01704,211.81,136.35,-104.20
2021-04-05T12:22:39.563,0.97593,-0.12276,0.01706,215.15,137.24,-104.19
2021-04-05T12:22:39.625,0.97494,-0.12274,0.02004,213.48,137.23,-105.10
2021-04-05T12:22:39.688,0.96899,-0.12079,0.01803,213.48,138.13,-104.18
2021-04-05T12:22:39.750,0.97197,-0.12177,0.01903,216.81,136.34,-106.94
2021-04-05T12:22:39.813,0.96706,-0.12383,0.01509,213.47,135.49,-102.38
2021-04-05T12:22:39.875,0.97496,-0.12377,0.01608,217.65,137.22,-106.93
2021-04-05T12:22:39.938,0.97099,-0.12181,0.01506,215.15,137.21,-107.85
2021-04-05T12:22:40.000,0.96999,-0.12179,0.01804,213.48,139.88,-105.99
2021-04-05T12:22:40.063,0.97393,-0.12077,0.01704,211.81,139.00,-105.08
2021-04-05T12:22:40.125,0.97396,-0.12277,0.01706,212.64,138.12,-105.09
2021-04-05T12:22:40.188,0.97197,-0.12177,0.01804,214.31,137.23,-105.10
2021-04-05T12:22:40.250,0.97097,-0.12077,0.01902,217.65,136.38,-102.37
2021-04-05T12:22:40.313,0.97094,-0.11877,0.01999,213.48,138.98,-107.83
2021-04-05T12:22:40.375,0.97195,-0.11978,0.01802,214.31,136.34,-106.03
2021-04-05T12:22:40.438,0.97001,-0.12377,0.01906,217.64,133.69,-106.05
2021-04-05T12:22:40.500,0.97096,-0.11977,0.01901,214.30,130.17,-104.25
2021-04-05T12:22:40.563,0.97393,-0.12076,0.01902,211.79,123.99,-102.48
2021-04-05T12:22:40.625,0.97296,-0.12179,0.01606,205.95,130.22,-96.94
2021-04-05T12:22:40.688,0.97195,-0.11978,0.01802,205.95,134.68,-92.32
2021-04-05T12:22:40.750,0.97593,-0.12277,0.01607,210.98,142.58,-100.48
2021-04-05T12:22:40.813,0.97492,-0.12076,0.01803,211.81,143.46,-100.47
2021-04-05T12:22:40.875,0.97299,-0.12477,0.01808,213.48,142.60,-98.65
2021-04-05T12:22:40.938,0.97492,-0.12075,0.01902,210.14,141.71,-98.66
2021-04-05T12:22:41.000,0.97297,-0.12277,0.01805,212.64,142.63,-95.00
2021-04-05T12:22:41.063,0.97393,-0.12077,0.01704,212.64,139.96,-96.85
2021-04-05T12:22:41.125,0.97297,-0.12279,0.01607,210.98,144.40,-94.98
2021-04-05T12:22:41.188,0.97195,-0.12077,0.01902,215.15,143.53,-94.07
2021-04-05T12:22:41.250,0.97494,-0.12277,0.01706,214.32,147.97,-91.29
2021-04-05T12:22:41.313,0.97296,-0.12179,0.01606,210.98,147.95,-93.12
2021-04-05T12:22:41.375,0.97098,-0.12177,0.01903,213.48,146.19,-92.22
2021-04-05T12:22:41.438,0.97394,-0.12176,0.01804,214.32,147.95,-94.03
2021-04-05T12:22:41.500,0.96606,-0.12281,0.01805,215.16,147.94,-94.95
2021-04-05T12:22:41.563,0.97390,-0.11875,0.01999,212.65,145.29,-94.06
2021-04-05T12:22:41.625,0.97691,-0.12176,0.01705,214.32,147.11,-88.56
2021-04-05T12:22:41.688,0.96822,-0.13978,0.01726,213.49,150.66,-87.61
2021-04-05T12:22:41.750,0.96437,-0.14780,0.01636,215.99,147.09,-91.30
2021-04-05T12:22:41.813,0.97311,-0.13477,0.01621,216.83,153.30,-89.41
2021-04-05T12:22:41.875,0.97302,-0.12776,0.01811,212.66,152.37,-93.99
2021-04-05T12:22:41.938,0.97391,-0.11878,0.01701,214.33,153.26,-93.07
2021-04-05T12:22:42.000,0.97592,-0.12273,0.02004,213.49,152.36,-94.90
2021-04-05T12:22:42.063,0.97296,-0.12177,0.01804,216.00,154.12,-96.72
2021-04-05T12:22:42.125,0.97296,-0.12178,0.01705,211.83,155.89,-94.87
2021-04-05T12:22:42.188,0.97395,-0.12180,0.01407,213.50,155.90,-94.87
2021-04-05T12:22:42.250,0.97394,-0.12176,0.01903,209.33,158.54,-95.76
2021-04-05T12:22:42.313,0.97097,-0.12078,0.01803,211.00,159.43,-94.84
2021-04-05T12:22:42.375,0.97590,-0.11976,0.01802,211.83,159.45,-93.01
2021-04-05T12:22:42.438,0.97690,-0.12175,0.01804,211.00,162.11,-92.07
2021-04-05T12:22:42.500,0.97297,-0.12279,0.01607,214.34,159.45,-93.01
2021-04-05T12:22:42.563,0.97493,-0.12175,0.01904,215.17,158.54,-95.76
2021-04-05T12:22:42.625,0.97098,-0.12179,0.01705,212.67,159.42,-96.67
2021-04-05T12:22:42.688,0.97197,-0.12177,0.01903,213.51,162.09,-94.81
2021-04-05T12:22:42.750,0.97690,-0.12175,0.01804,211.00,161.17,-98.48
2021-04-05T12:22:42.813,0.97196,-0.12079,0.01604,210.17,159.41,-96.66
2021-04-05T12:22:42.875,0.97396,-0.12278,0.01607,208.50,160.29,-96.66
2021-04-05T12:22:42.938,0.97097,-0.12078,0.01803,209.33,162.10,-92.98
2021-04-05T12:22:43.000,0.97396,-0.12375,0.01906,207.67,162.05,-97.55
2021-04-05T12:22:43.063,0.97296,-0.12177,0.01804,210.17,159.40,-98.49
2021-04-05T12:22:43.125,0.97194,-0.11976,0.02000,208.50,160.31,-94.83
2021-04-05T12:22:43.188,0.97593,-0.12275,0.01806,210.16,154.98,-97.62
2021-04-05T12:22:43.250,0.97689,-0.12072,0.02101,210.99,154.98,-97.62
2021-04-05T12:22:43.313,0.97194,-0.11977,0.01901,211.00,158.53,-96.67
2021-04-05T12:22:43.375,0.97297,-0.12279,0.01607,211.00,160.28,-98.49
2021-04-05T12:22:43.438,0.97301,-0.12677,0.01711,211.00,159.37,-101.24
2021-04-05T12:22:43.500,0.97198,-0.12278,0.01706,211.00,160.25,-102.14
2021-04-05T12:22:43.563,0.97099,-0.12182,0.01407,210.17,160.27,-99.40
2021-04-05T12:22:43.625,0.97295,-0.12078,0.01704,210.17,164.73,-95.70
2021-04-05T12:22:43.688,0.97296,-0.12180,0.01507,207.67,165.56,-101.18
2021-04-05T12:22:43.750,0.97197,-0.12178,0.01705,211.84,162.88,-104.86
2021-04-05T12:22:43.813,0.97394,-0.12177,0.01705,208.51,164.62,-107.58
2021-04-05T12:22:43.875,0.97493,-0.12175,0.01904,209.34,161.11,-104.88
2021-04-05T12:22:43.938,0.97196,-0.12078,0.01803,207.67,162.01,-102.12
2021-04-05T12:22:44.000,0.97199,-0.12280,0.01508,208.51,162.88,-103.94
2021-04-05T12:22:44.063,0.97393,-0.12077,0.01803,210.18,163.78,-102.11
2021-04-05T12:22:44.125,0.97197,-0.12178,0.01705,209.34,163.77,-103.94
2021-04-05T12:22:44.188,0.97791,-0.12276,0.01607,209.34,159.34,-104.89
2021-04-05T12:22:44.250,0.96899,-0.11980,0.01702,207.67,161.09,-105.79
2021-04-05T12:22:44.313,0.97096,-0.11977,0.01901,206.83,158.43,-106.73
2021-04-05T12:22:44.375,0.97195,-0.11978,0.01802,206.83,158.44,-105.81
2021-04-05T12:22:44.438,0.97492,-0.12075,0.01902,206.84,163.75,-104.85
2021-04-05T12:22:44.500,0.97196,-0.12079,0.01704,210.17,161.11,-103.96
2021-04-05T12:22:44.563,0.97294,-0.12077,0.01803,206.83,159.32,-106.72
2021-04-05T12:22:44.625,0.97593,-0.12277,0.01607,207.67,161.96,-107.61
2021-04-05T12:22:44.688,0.97491,-0.11978,0.01603,208.51,164.63,-106.67
2021-04-05T12:22:44.750,0.97293,-0.11977,0.01802,206.84,164.64,-104.84
2021-04-05T12:22:44.813,0.97590,-0.11977,0.01703,209.34,163.75,-105.76
2021-04-05T12:22:44.875,0.96996,-0.11879,0.01800,208.51,166.40,-105.74
2021-04-05T12:22:44.938,0.97691,-0.12176,0.01705,210.19,169.05,-106.63
2021-04-05T12:22:45.000,0.97486,-0.11577,0.01797,211.85,169.06,-105.72
2021-04-05T12:22:45.063,0.97009,-0.12978,0.01714,214.36,170.87,-102.04
2021-04-05T12:22:45.125,1.05094,-0.03701,0.06570,214.36,173.57,-96.53
2021-04-05T12:22:45.188,1.13451,-0.24489,0.00079,222.69,165.69,-89.30
2021-04-05T12:22:45.250,1.06821,-0.25368,0.06137,222.69,173.84,-68.20
2021-04-05T12:22:45.313,1.11948,0.00806,0.14758,226.01,174.14,-36.20
2021-04-05T12:22:45.375,0.97480,-0.14882,0.22777,231.83,175.39,4.03
2021-04-05T12:22:45.438,0.90493,-0.02949,0.42990,231.81,177.58,49.75
2021-04-05T12:22:45.500,0.69093,-0.12175,0.51735,230.11,177.13,98.20
2021-04-05T12:22:45.563,0.60562,-0.07374,0.57441,215.92,188.11,141.27
2021-04-05T12:22:45.625,0.58473,0.01022,0.70186,211.73,191.95,175.13
2021-04-05T12:22:45.688,0.47346,-0.17222,0.80867,198.38,200.86,185.28
2021-04-05T12:22:45.750,0.28070,0.08152,0.92333,160.85,221.34,206.52
2021-04-05T12:22:45.813,0.22737,0.01363,0.96011,124.13,231.17,224.00
2021-04-05T12:22:45.875,0.06669,0.23484,0.99635,92.42,242.85,249.73
2021-04-05T12:22:45.938,0.06692,0.12510,1.00868,76.56,251.00,273.58
2021-04-05T12:22:46.000,0.03471,0.10599,1.01389,63.21,263.57,297.48
2021-04-05T12:22:46.063,0.00994,0.03796,1.01769,69.05,264.48,299.31
2021-04-05T12:22:46.125,-0.03078,-0.01109,1.03126,77.41,270.63,292.96
2021-04-05T12:22:46.188,-0.01565,-0.04505,1.02367,71.57,266.97,280.13
2021-04-05T12:22:46.250,-0.00660,0.02487,1.01683,69.06,265.28,289.26
2021-04-05T12:22:46.313,0.03879,0.00609,1.01209,57.38,272.42,298.48
2021-04-05T12:22:46.375,-0.03487,-0.08118,1.01608,52.37,273.34,303.97
2021-04-05T12:22:46.438,-0.02766,0.06181,1.02639,44.86,275.18,313.14
2021-04-05T12:22:46.500,0.01946,-0.02101,1.00940,43.19,279.60,312.26
2021-04-05T12:22:46.563,-0.07392,-0.01542,1.02027,46.53,276.93,310.41
2021-04-05T12:22:46.625,-0.07135,0.01761,1.02488,44.86,273.40,311.29
2021-04-05T12:22:46.688,-0.03932,-0.03426,1.01552,57.37,269.00,311.24
2021-04-05T12:22:46.750,0.00705,0.03391,1.01373,55.70,267.20,308.48
2021-04-05T12:22:46.813,-0.02663,-0.02819,1.01645,55.70,269.84,307.59
2021-04-05T12:22:46.875,-0.02790,-0.00319,1.01916,54.87,268.07,306.66
2021-04-05T12:22:46.938,-0.03591,0.01172,1.01597,49.87,274.25,306.72
2021-04-05T12:22:47.000,0.00153,0.00090,1.01212,51.53,269.85,309.43
2021-04-05T12:22:47.063,-0.03189,0.00277,1.01808,46.52,271.61,308.53
2021-04-05T12:22:47.125,-0.01911,0.00183,1.01710,45.68,269.89,314.00
2021-04-05T12:22:47.188,-0.02304,0.00182,1.01810,43.18,271.68,316.76
2021-04-05T12:22:47.250,-0.01911,0.00183,1.01710,35.67,271.72,323.16
2021-04-05T12:22:47.313,-0.02010,0.00185,1.02010,10.59,253.21,333.98
2021-04-05T12:22:47.375,-0.02404,0.00380,1.01707,1.37,213.23,315.32
2021-04-05T12:22:47.438,-0.02203,-0.00018,1.01712,17.19,178.52,287.56
2021-04-05T12:22:47.500,-0.02203,-0.00019,1.01612,32.19,163.39,274.62
2021-04-05T12:22:47.563,-0.02205,0.00180,1.01510,38.02,154.55,274.53
2021-04-05T12:22:47.625,-0.02400,0.00077,1.01310,45.53,152.76,270.85
2021-04-05T12:22:47.688,-0.02013,0.00485,1.02007,53.06,160.73,270.01
2021-04-05T12:22:47.750,-0.01814,0.00283,1.01609,48.06,165.14,270.05
2021-04-05T12:22:47.813,-0.02401,0.00080,1.01711,48.06,166.91,270.07
2021-04-05T12:22:47.875,-0.01913,0.00383,1.01708,46.39,164.27,271.87
2021-04-05T12:22:47.938,-0.02300,-0.00121,1.01513,52.22,161.63,271.84
2021-04-05T12:22:48.000,-0.02207,0.00281,1.01709,50.56,164.27,270.96
2021-04-05T12:22:48.063,-0.02011,0.00283,1.01809,46.39,164.27,271.87
2021-04-05T12:22:48.125,-0.02401,0.00081,1.01811,46.39,166.03,270.97
2021-04-05T12:22:48.188,-0.01913,0.00382,1.01607,44.72,164.26,270.96
2021-04-05T12:22:48.250,-0.02009,0.00182,1.01710,47.22,162.49,270.03
2021-04-05T12:22:48.313,-0.02108,0.00376,1.01107,47.22,160.73,270.92
2021-04-05T12:22:48.375,-0.02204,0.00080,1.01511,45.55,163.39,272.78
2021-04-05T12:22:48.438,-0.02305,0.00282,1.01809,48.05,160.72,270.01
2021-04-05T12:22:48.500,-0.02504,0.00481,1.01906,48.89,161.61,270.02
2021-04-05T12:22:48.563,-0.02404,0.00283,1.02009,48.89,162.50,270.94
2021-04-05T12:22:48.625,-0.02110,0.00480,1.01506,46.38,161.63,272.76
2021-04-05T12:22:48.688,-0.02105,-0.00019,1.01612,48.89,161.61,270.02
2021-04-05T12:22:48.750,-0.02305,0.00282,1.01809,48.05,162.52,273.68
2021-04-05T12:22:48.813,-0.02108,0.00183,1.01810,50.55,162.53,273.68
2021-04-05T12:22:48.875,-0.02402,0.00179,1.01509,52.22,160.74,271.84
2021-04-05T12:22:48.938,-0.02503,0.00381,1.01907,49.72,161.63,272.76
2021-04-05T12:22:49.000,-0.01911,0.00182,1.01610,49.72,163.38,270.95
2021-04-05T12:22:49.063,-0.02010,0.00280,1.01408,46.38,162.54,275.51
2021-04-05T12:22:49.125,-0.02007,-0.00019,1.01512,48.88,159.86,272.74
2021-04-05T12:22:49.188,-0.02007,-0.00016,1.01812,49.72,161.63,272.76
2021-04-05T12:22:49.250,-0.01912,0.00281,1.01509,48.89,161.61,270.93
2021-04-05T12:22:49.313,-0.02499,0.00080,1.01711,48.05,162.51,271.85
2021-04-05T12:22:49.375,-0.01518,0.00186,1.01810,48.89,162.51,271.85
2021-04-05T12:22:49.438,-0.02008,0.00082,1.01611,48.05,160.75,273.67
2021-04-05T12:22:49.500,-0.02106,0.00080,1.01511,47.22,160.72,270.01
2021-04-05T12:22:49.563,-0.02108,0.00281,1.01609,46.38,161.62,271.85
2021-04-05T12:22:49.625,-0.02107,0.00180,1.01510,50.56,162.51,271.85
2021-04-05T12:22:49.688,-0.02304,0.00279,1.01508,43.88,161.59,269.11
2021-04-05T12:22:49.750,-0.02105,-0.00019,1.01612,49.72,161.65,274.59
2021-04-05T12:22:49.813,-0.02407,0.00581,1.01805,44.72,163.37,270.04
2021-04-05T12:22:49.875,-0.02207,0.00280,1.01608,50.55,161.63,272.76
2021-04-05T12:22:49.938,-0.02008,0.00081,1.01511,48.89,163.39,271.86
2021-04-05T12:22:50.000,-0.02208,0.00381,1.01707,50.56,164.25,269.13
2021-04-05T12:22:50.063,-0.02108,0.00183,1.01810,48.05,162.50,270.94
2021-04-05T12:22:50.125,-0.02402,0.00181,1.01810,48.05,162.51,272.77
2021-04-05T12:22:50.188,-0.02400,-0.00019,1.01712,48.05,161.61,270.93
2021-04-05T12:22:50.250,-0.02108,0.00184,1.01910,46.38,162.51,272.77
2021-04-05T12:22:50.313,-0.02207,0.00281,1.01709,46.38,164.30,274.61
2021-04-05T12:22:50.375,-0.02108,0.00183,1.01810,45.55,161.58,268.19
2021-04-05T12:22:50.438,-0.01911,0.00185,1.01910,49.72,162.52,273.68
2021-04-05T12:22:50.500,-0.02300,-0.00121,1.01513,46.38,162.51,272.77
2021-04-05T12:22:50.563,-0.02301,-0.00020,1.01612,46.38,162.52,273.68
2021-04-05T12:22:50.625,-0.02006,-0.00117,1.01714,47.22,164.27,271.87
2021-04-05T12:22:50.688,-0.02204,0.00082,1.01711,48.05,162.48,269.11
2021-04-05T12:22:50.750,-0.02598,0.00179,1.01710,46.38,159.86,272.75
2021-04-05T12:22:50.813,-0.01910,0.00084,1.01811,48.05,164.29,273.70
2021-04-05T12:22:50.875,-0.02105,-0.00017,1.01812,48.89,165.16,271.88
2021-04-05T12:22:50.938,-0.02108,0.00281,1.01609,46.38,162.49,270.94
2021-04-05T12:22:51.000,-0.01910,0.00082,1.01611,48.89,163.37,270.03
2021-04-05T12:22:51.063,-0.01913,0.00383,1.01708,46.38,161.60,270.02
2021-04-05T12:22:51.125,-0.02112,0.00582,1.01705,48.05,160.74,272.75
2021-04-05T12:22:51.188,-0.01910,0.00083,1.01711,50.56,162.48,268.20
2021-04-05T12:22:51.250,-0.02209,0.00481,1.01706,48.89,162.50,270.94
2021-04-05T12:22:51.313,-0.02206,0.00181,1.01710,44.71,162.50,271.86
2021-04-05T12:22:51.375,-0.02302,0.00079,1.01511,48.05,163.39,271.86
2021-04-05T12:22:51.438,-0.02204,0.00081,1.01611,49.72,162.50,270.94
2021-04-05T12:22:51.500,-0.02009,0.00182,1.01710,49.72,162.52,272.77
2021-04-05T12:22:51.563,-0.02205,0.00181,1.01610,46.38,161.61,270.93
2021-04-05T12:22:51.625,-0.02401,0.00080,1.01611,47.22,163.37,270.04
2021-04-05T12:22:51.688,-0.02006,-0.00020,1.01412,47.22,164.27,271.87
2021-04-05T12:22:51.750,-0.02205,0.00082,1.01811,46.39,164.28,272.79
2021-04-05T12:22:51.813,-0.02006,-0.00118,1.01613,46.38,161.61,270.93
2021-04-05T12:22:51.875,-0.02107,0.00181,1.01610,47.22,161.64,273.68
2021-04-05T12:22:51.938,-0.01909,-0.00016,1.01813,48.06,164.27,270.96
2021-04-05T12:22:52.000,-0.02109,0.00282,1.01709,48.88,159.85,270.92
2021-04-05T12:22:52.063,-0.02302,0.00078,1.01411,48.05,161.62,271.85
2021-04-05T12:22:52.125,-0.01909,-0.00015,1.01913,46.38,162.52,273.68
2021-04-05T12:22:52.188,-0.02205,0.00180,1.01510,48.88,160.73,270.92
2021-04-05T12:22:52.250,-0.02008,0.00083,1.01711,48.05,161.62,271.85
2021-04-05T12:22:52.313,-0.01911,0.00184,1.01810,47.21,159.84,270.92
2021-04-05T12:22:52.375,-0.02304,0.00183,1.01910,48.89,164.26,270.04
2021-04-05T12:22:52.438,-0.02205,0.00181,1.01610,49.72,162.50,270.94
2021-04-05T12:22:52.500,-0.02204,0.00081,1.01611,47.21,160.74,271.84
2021-04-05T12:22:52.563,-0.02598,0.00177,1.01409,48.89,160.72,270.01
2021-04-05T12:22:52.625,-0.01811,0.00082,1.01511,46.38,162.50,271.86
2021-04-05T12:22:52.688,-0.02303,0.00179,1.01510,45.55,163.39,272.78
2021-04-05T12:22:52.750,-0.02011,0.00284,1.01909,48.05,162.50,270.94
2021-04-05T12:22:52.813,-0.02205,0.00181,1.01610,48.89,166.04,271.89
2021-04-05T12:22:52.875,-0.02008,0.00081,1.01511,48.89,164.29,273.70
2021-04-05T12:22:52.938,-0.02106,0.00081,1.01611,45.55,162.48,270.03
2021-04-05T12:22:53.000,-0.01817,0.00486,1.02007,45.55,161.60,270.02
2021-04-05T12:22:53.063,-0.02401,0.00080,1.01711,48.89,162.50,270.94
2021-04-05T12:22:53.125,-0.02401,0.00082,1.01911,47.22,164.26,270.96
2021-04-05T12:22:53.188,-0.02402,0.00181,1.01810,48.05,163.38,270.95
2021-04-05T12:22:53.250,-0.02105,-0.00018,1.01712,48.05,163.40,272.78
2021-04-05T12:22:53.313,-0.02202,-0.00117,1.01814,48.05,162.49,270.03
2021-04-05T12:22:53.375,-0.02500,0.00181,1.01810,50.56,162.49,270.02
2021-04-05T12:22:53.438,-0.02207,0.00280,1.01608,47.22,161.64,273.68
2021-04-05T12:22:53.500,-0.02503,0.00381,1.01807,47.22,162.48,269.11
2021-04-05T12:22:53.563,-0.02205,0.00180,1.01510,49.72,163.39,271.86
2021-04-05T12:22:53.625,-0.01910,0.00083,1.01711,48.88,161.64,273.67
2021-04-05T12:22:53.688,-0.02400,-0.00019,1.01812,47.22,161.60,270.02
2021-04-05T12:22:53.750,-0.02009,0.00183,1.01810,48.89,162.50,270.94
2021-04-05T12:22:53.813,-0.02306,0.00381,1.01707,47.22,163.38,270.95
2021-04-05T12:22:53.875,-0.02109,0.00380,1.01507,47.22,165.13,269.14
2021-04-05T12:22:53.938,-0.02204,0.00080,1.01511,46.38,162.54,275.51
2021-04-05T12:22:54.000,-0.02403,0.00280,1.01708,49.72,160.72,270.01
2021-04-05T12:22:54.063,-0.02303,0.00179,1.01510,48.89,162.51,271.85
2021-04-05T12:22:54.125,-0.02008,0.00083,1.01711,48.89,161.62,271.85
2021-04-05T12:22:54.188,-0.02009,0.00182,1.01610,48.88,159.84,270.00
2021-04-05T12:22:54.250,-0.02104,-0.00117,1.01814,47.21,160.74,272.75
2021-04-05T12:22:54.313,-0.02304,0.00182,1.01810,48.05,161.63,272.76
2021-04-05T12:22:54.375,-0.02202,-0.00119,1.01613,46.39,163.37,270.04
2021-04-05T12:22:54.438,-0.02302,0.00080,1.01611,49.72,163.40,272.78
2021-04-05T12:22:54.500,-0.02106,-0.00016,1.01912,46.39,165.18,274.62
2021-04-05T12:22:54.563,-0.01813,0.00185,1.01910,49.72,161.60,269.10
2021-04-05T12:22:54.625,-0.02403,0.00281,1.01809,49.72,162.51,271.85
2021-04-05T12:22:54.688,-0.02208,0.00383,1.01908,48.05,163.40,272.78
2021-04-05T12:22:54.750,-0.02205,0.00181,1.01610,47.22,164.27,271.87
2021-04-05T12:22:54.813,-0.02206,0.00181,1.01710,47.22,161.62,271.85
2021-04-05T12:22:54.875,-0.01809,-0.00116,1.01714,47.22,161.63,272.76
2021-04-05T12:22:54.938,-0.02108,0.00183,1.01810,47.22,162.49,270.03
2021-04-05T12:22:55.000,-0.02111,0.00483,1.01906,44.72,164.28,272.79
2021-04-05T12:22:55.063,-0.02304,0.00180,1.01610,48.05,160.74,271.84
2021-04-05T12:22:55.125,-0.02208,0.00381,1.01707,46.38,162.50,271.86
2021-04-05T12:22:55.188,-0.02600,0.00281,1.01909,50.56,162.50,270.94
2021-04-05T12:22:55.250,-0.02405,0.00382,1.01907,48.05,159.85,271.83
2021-04-05T12:22:55.313,-0.02404,0.00282,1.01909,46.38,162.51,272.77
2021-04-05T12:22:55.375,-0.02403,0.00280,1.01708,49.72,161.63,272.76
2021-04-05T12:22:55.438,-0.02204,0.00080,1.01511,47.22,164.28,272.79
2021-04-05T12:22:55.500,-0.02206,0.00181,1.01710,49.73,164.24,268.21
2021-04-05T12:22:55.563,-0.02010,0.00184,1.01910,48.05,164.27,271.87
2021-04-05T12:22:55.625,-0.02600,0.00279,1.01708,48.89,162.51,271.85
2021-04-05T12:22:55.688,-0.02401,0.00080,1.01611,48.89,162.53,274.60
2021-04-05T12:22:55.750,-0.01912,0.00282,1.01609,50.56,163.41,273.69
2021-04-05T12:22:55.813,-0.02207,0.00282,1.01809,48.05,161.61,270.93
2021-04-05T12:22:55.875,-0.02206,0.00280,1.01508,46.38,162.49,270.94
2021-04-05T12:22:55.938,-0.02009,0.00182,1.01610,47.21,160.74,271.84
2021-04-05T12:22:56.000,-0.02500,0.00179,1.01609,48.89,165.16,271.88
2021-04-05T12:22:56.063,-0.02305,0.00281,1.01709,49.72,162.50,270.94
2021-04-05T12:22:56.125,-0.02404,0.00380,1.01707,48.05,161.60,269.10
2021-04-05T12:22:56.188,-0.02402,0.00180,1.01710,48.89,161.59,268.19
2021-04-05T12:22:56.250,-0.02203,-0.00020,1.01512,47.21,160.74,271.84
2021-04-05T12:22:56.313,-0.02107,0.00180,1.01510,48.06,165.16,271.88
2021-04-05T12:22:56.375,-0.02108,0.00183,1.01810,48.88,159.85,270.92
2021-04-05T12:22:56.438,-0.01909,-0.00018,1.01612,49.72,163.39,271.86
2021-04-05T12:22:56.500,-0.02204,0.00079,1.01411,47.21,160.75,273.67
2021-04-05T12:22:56.563,-0.01910,0.00082,1.01611,47.22,161.61,270.93
2021-04-05T12:22:56.625,-0.02008,0.00083,1.01711,48.89,165.14,270.05
2021-04-05T12:22:56.688,-0.02206,0.00181,1.01710,46.38,162.49,270.94
2021-04-05T12:22:56.750,-0.02600,0.00377,1.01507,48.88,160.76,274.58
2021-04-05T12:22:56.813,-0.02107,0.00181,1.01610,48.05,162.51,271.85
2021-04-05T12:22:56.875,-0.02406,0.00481,1.01806,48.89,162.51,272.77
2021-04-05T12:22:56.938,-0.02204,0.00082,1.01711,51.39,162.49,269.11
2021-04-05T12:22:57.000,-0.01913,0.00285,1.01909,46.38,163.40,273.69
2021-04-05T12:22:57.063,-0.01814,0.00283,1.01609,45.55,166.04,271.89
2021-04-05T12:22:57.125,-0.02302,0.00079,1.01511,48.05,160.73,270.92
2021-04-05T12:22:57.188,-0.02207,0.00283,1.01909,48.05,160.73,270.92
2021-04-05T12:22:57.250,-0.01811,0.00082,1.01511,48.05,160.74,271.84
2021-04-05T12:22:57.313,-0.02206,0.00183,1.01910,48.05,162.51,271.85
2021-04-05T12:22:57.375,-0.02305,0.00282,1.01809,47.22,163.40,272.78
2021-04-05T12:22:57.438,-0.02008,0.00082,1.01611,48.05,163.37,270.03
2021-04-05T12:22:57.500,-0.02009,0.00182,1.01710,49.73,165.15,270.96
2021-04-05T12:22:57.563,-0.02401,0.00080,1.01711,46.39,163.37,270.04
2021-04-05T12:22:57.625,-0.02008,0.00083,1.01711,48.88,161.63,272.76
2021-04-05T12:22:57.688,-0.02302,0.00079,1.01511,48.89,162.49,270.03
2021-04-05T12:22:57.750,-0.02499,0.00079,1.01611,48.05,164.27,271.87
2021-04-05T12:22:57.813,-0.02404,0.00283,1.02009,48.89,161.61,270.93
2021-04-05T12:22:57.875,-0.02009,0.00181,1.01510,48.88,160.73,270.92
2021-04-05T12:22:57.938,-0.02404,0.00378,1.01507,46.38,161.63,273.68
2021-04-05T12:22:58.000,-0.02306,0.00380,1.01607,48.89,161.61,270.93
2021-04-05T12:22:58.063,-0.02109,0.00283,1.01809,48.89,164.26,270.04
2021-04-05T12:22:58.125,-0.02109,0.00282,1.01709,48.05,163.37,270.03
2021-04-05T12:22:58.188,-0.02402,0.00181,1.01810,49.73,165.15,270.96
2021-04-05T12:22:58.250,-0.02207,0.00282,1.01809,48.05,163.41,273.69
2021-04-05T12:22:58.313,-0.01914,0.00385,1.01908,48.88,161.63,272.76
2021-04-05T12:22:58.375,-0.02302,0.00079,1.01511,47.22,165.13,269.14
2021-04-05T12:22:58.438,-0.02012,0.00384,1.01908,47.22,162.50,271.86
2021-04-05T12:22:58.500,-0.02010,0.00184,1.01910,46.38,161.58,267.28
2021-04-05T12:22:58.563,-0.01912,0.00283,1.01709,48.06,164.25,269.13
2021-04-05T12:22:58.625,-0.01910,0.00083,1.01711,48.05,164.27,271.87
2021-04-05T12:22:58.688,-0.01811,-0.00014,1.01913,47.22,162.50,271.86
2021-04-05T12:22:58.750,-0.02103,-0.00121,1.01313,48.89,163.37,270.03
2021-04-05T12:22:58.813,-0.01909,-0.00017,1.01712,47.22,163.40,272.78
2021-04-05T12:22:58.875,-0.02305,0.00282,1.01809,48.05,163.38,270.95
2021-04-05T12:22:58.938,-0.02203,-0.00018,1.01712,46.38,162.49,270.03
2021-04-05T12:22:59.000,-0.02206,0.00181,1.01710,48.05,162.48,269.11
2021-04-05T12:22:59.063,-0.02304,0.00180,1.01610,48.05,163.37,270.03
2021-04-05T12:22:59.125,-0.02403,0.00279,1.01608,48.05,160.72,270.01
2021-04-05T12:22:59.188,-0.01912,0.00282,1.01609,49.72,163.37,269.12
2021-04-05T12:22:59.250,-0.02109,0.00381,1.01607,49.72,162.52,272.77
2021-04-05T12:22:59.313,-0.02302,0.00077,1.01311,47.22,162.49,270.03
2021-04-05T12:22:59.375,-0.02501,0.00280,1.01708,47.22,163.40,273.69
2021-04-05T12:22:59.438,-0.02501,0.00182,1.01910,48.06,163.36,268.21
2021-04-05T12:22:59.500,-0.02209,0.00482,1.01806,49.72,162.52,272.77
2021-04-05T12:22:59.563,-0.02305,0.00281,1.01709,48.89,162.49,270.03
2021-04-05T12:22:59.625,-0.02008,0.00082,1.01611,48.89,163.37,270.03
2021-04-05T12:22:59.688,-0.02107,0.00181,1.01610,45.55,162.46,267.29
2021-04-05T12:22:59.750,-0.01387,-0.02713,1.01545,48.06,164.26,270.04
2021-04-05T12:22:59.813,-0.02922,0.02774,1.01578,47.22,165.16,271.88
2021-04-05T12:22:59.875,-0.03394,0.00979,1.02200,44.72,166.92,271.90
2021-04-05T12:22:59.938,-0.00387,-0.04212,1.00863,45.55,164.26,270.96
2021-04-05T12:23:00.000,-0.05210,0.05264,1.02047,45.55,165.14,270.05
2021-04-05T12:23:00.063,-0.03632,-0.04113,1.02762,48.89,163.37,270.03
2021-04-05T12:23:00.125,-0.05596,0.04472,1.03158,53.06,163.38,270.03
2021-04-05T12:23:00.188,-0.05446,-0.00218,1.03715,62.24,159.82,265.42
2021-04-05T12:23:00.250,-0.01797,-0.01408,1.02530,73.93,158.92,261.75
2021-04-05T12:23:00.313,0.02982,0.01705,1.01395,93.12,155.33,253.48
2021-04-05T12:23:00.375,0.04672,-0.08683,1.00620,115.65,150.84,241.54
2021-04-05T12:23:00.438,0.20474,0.01939,0.94702,141.53,148.04,221.38
2021-04-05T12:23:00.500,0.28276,-0.09556,0.89448,167.41,140.77,194.79
2021-04-05T12:23:00.563,0.45007,-0.09768,0.78182,193.30,137.87,163.67
2021-04-05T12:23:00.625,0.52589,-0.08442,0.65612,215.01,133.12,123.39
2021-04-05T12:23:00.688,0.70493,-0.14446,0.53753,231.71,121.18,72.08
2021-04-05T12:23:00.750,0.85494,0.03495,0.40424,235.92,124.30,24.57
2021-04-05T12:23:00.813,1.04872,-0.22607,0.25457,232.60,122.17,-14.76
2021-04-05T12:23:00.875,1.17153,-0.13822,0.18014,228.45,129.90,-38.45
2021-04-05T12:23:00.938,1.07135,-0.12336,0.22555,225.96,133.35,-47.56
2021-04-05T12:23:01.000,0.94714,-0.05624,0.20976,220.12,135.06,-53.02
2021-04-05T12:23:01.063,0.92510,-0.11054,0.18359,218.46,139.44,-57.55
2021-04-05T12:23:01.125,0.94961,-0.08018,0.10187,217.63,139.36,-66.69
2021-04-05T12:23:01.188,1.03331,-0.13805,0.05996,217.63,138.41,-73.10
2021-04-05T12:23:01.250,1.01268,-0.05743,0.03913,211.80,141.88,-80.38
2021-04-05T12:23:01.313,0.98843,-0.10890,0.10621,215.14,143.64,-81.28
2021-04-05T12:23:01.375,0.93119,-0.10074,0.04852,211.80,143.62,-83.10
2021-04-05T12:23:01.438,0.78344,-0.18534,-0.05178,212.64,140.94,-85.87
2021-04-05T12:23:01.500,0.96581,-0.10082,0.01878,210.14,142.71,-85.85
2021-04-05T12:23:01.563,0.97405,-0.13077,0.01617,211.80,140.03,-88.62
2021-04-05T12:23:01.625,0.97067,-0.09479,0.02069,210.14,144.44,-89.49
2021-04-05T12:23:01.688,0.95874,-0.17382,0.01370,214.30,136.52,-85.91
2021-04-05T12:23:01.750,0.98380,-0.03471,0.02792,215.14,136.49,-89.57
2021-04-05T12:23:01.813,0.97957,-0.09573,0.02170,214.30,138.24,-91.38
2021-04-05T12:23:01.875,0.97105,-0.12776,0.01910,213.47,136.51,-86.83
2021-04-05T12:23:01.938,0.97010,-0.13078,0.01716,215.14,137.39,-88.65
2021-04-05T12:23:02.000,0.97691,-0.12176,0.01705,213.47,137.38,-88.65
2021-04-05T12:23:02.063,0.96695,-0.11481,0.01795,213.47,137.38,-88.65
2021-04-05T12:23:02.125,0.97588,-0.11875,0.01900,213.47,136.50,-88.65
2021-04-05T12:23:02.188,0.97296,-0.12178,0.01705,212.63,138.27,-87.72
2021-04-05T12:23:02.250,0.97196,-0.12079,0.01704,215.14,138.24,-91.38
2021-04-05T12:23:02.313,0.97296,-0.12178,0.01705,211.80,136.50,-88.65
2021-04-05T12:23:02.375,0.97096,-0.11978,0.01802,213.47,137.39,-87.73
2021-04-05T12:23:02.438,0.97099,-0.12279,0.01706,210.96,138.27,-87.72
2021-04-05T12:23:02.500,0.96899,-0.12079,0.01803,213.46,135.62,-87.75
2021-04-05T12:23:02.563,0.97294,-0.12077,0.01803,210.96,135.61,-88.66
2021-04-05T12:23:02.625,0.97296,-0.12178,0.01705,212.63,137.35,-92.30
2021-04-05T12:23:02.688,0.97492,-0.12075,0.01902,214.30,138.27,-88.64
2021-04-05T12:23:02.750,0.97489,-0.11874,0.02098,213.46,134.74,-87.76
2021-04-05T12:23:02.813,0.97294,-0.12077,0.01803,214.30,138.26,-89.55
2021-04-05T12:23:02.875,0.97394,-0.12176,0.01804,214.30,138.28,-87.72
2021-04-05T12:23:02.938,0.97196,-0.12079,0.01604,214.30,136.49,-89.57
2021-04-05T12:23:03.000,0.97490,-0.11974,0.02000,214.30,136.47,-92.31
2021-04-05T12:23:03.063,0.97097,-0.12079,0.01704,211.80,140.05,-86.79
2021-04-05T12:23:03.125,0.97491,-0.11976,0.01802,215.14,139.14,-90.46
2021-04-05T12:23:03.188,0.97485,-0.11475,0.01994,213.47,136.48,-90.48
2021-04-05T12:23:03.250,0.97293,-0.11976,0.01901,212.63,138.26,-89.55
2021-04-05T12:23:03.313,0.97493,-0.12080,0.01406,211.80,140.93,-87.70
2021-04-05T12:23:03.375,0.97196,-0.12078,0.01803,213.47,140.07,-84.96
2021-04-05T12:23:03.438,0.97195,-0.12077,0.01902,214.30,136.53,-85.00
2021-04-05T12:23:03.500,0.97590,-0.11977,0.01703,215.97,138.28,-87.73
2021-04-05T12:23:03.563,0.96902,-0.12279,0.01805,215.14,139.15,-88.63
2021-04-05T12:23:03.625,0.97789,-0.12173,0.01904,214.30,139.15,-88.63
2021-04-05T12:23:03.688,0.96997,-0.11979,0.01802,212.64,140.92,-88.61
2021-04-05T12:23:03.750,0.97492,-0.12076,0.01803,215.14,140.95,-85.87
2021-04-05T12:23:03.813,0.97195,-0.11980,0.01603,212.64,142.69,-88.60
2021-04-05T12:23:03.875,0.97091,-0.11579,0.01797,216.81,140.04,-88.62
2021-04-05T12:23:03.938,0.96801,-0.12082,0.01604,213.47,140.04,-87.71
2021-04-05T12:23:04.000,0.97288,-0.11478,0.01796,215.98,140.04,-88.62
2021-04-05T12:23:04.063,0.97095,-0.11879,0.01701,212.63,138.26,-89.55
2021-04-05T12:23:04.125,0.97491,-0.11976,0.01802,214.30,139.16,-87.72
2021-04-05T12:23:04.188,0.97195,-0.11978,0.01802,213.47,137.37,-90.47
2021-04-05T12:23:04.250,0.97488,-0.11775,0.01998,213.47,139.16,-87.72
2021-04-05T12:23:04.313,0.97296,-0.12178,0.01705,212.64,139.14,-89.54
2021-04-05T12:23:04.375,0.97292,-0.11877,0.01801,214.31,140.04,-88.62
2021-04-05T12:23:04.438,0.97098,-0.12081,0.01505,214.30,136.52,-86.83
2021-04-05T12:23:04.500,0.97196,-0.12078,0.01803,213.47,140.05,-86.79
2021-04-05T12:23:04.563,0.97394,-0.12078,0.01605,213.47,139.15,-88.63
2021-04-05T12:23:04.625,0.97588,-0.11876,0.01801,212.64,139.15,-88.63
2021-04-05T12:23:04.688,0.97197,-0.12178,0.01705,215.97,138.26,-89.55
2021-04-05T12:23:04.750,0.97295,-0.12176,0.01903,213.46,134.73,-88.67
2021-04-05T12:23:04.813,0.96803,-0.12279,0.01805,214.30,139.16,-87.72
2021-04-05T12:23:04.875,0.97294,-0.11979,0.01603,214.30,137.38,-88.65
2021-04-05T12:23:04.938,0.97098,-0.12176,0.02002,214.30,136.50,-88.66
2021-04-05T12:23:05.000,0.97097,-0.12079,0.01704,212.63,138.26,-89.55
2021-04-05T12:23:05.063,0.97594,-0.12376,0.01708,216.81,138.27,-88.64
2021-04-05T12:23:05.125,0.97594,-0.12375,0.01807,214.30,137.38,-88.65
2021-04-05T12:23:05.188,0.97295,-0.12080,0.01505,212.63,134.70,-91.41
2021-04-05T12:23:05.250,0.97197,-0.12178,0.01705,214.30,139.15,-88.63
2021-04-05T12:23:05.313,0.97000,-0.12179,0.01705,211.80,139.14,-89.54
2021-04-05T12:23:05.375,0.97198,-0.12277,0.01805,211.80,136.49,-89.57
2021-04-05T12:23:05.438,0.97692,-0.12276,0.01706,214.30,137.38,-88.65
2021-04-05T12:23:05.500,0.96899,-0.12079,0.01803,214.30,138.28,-87.72
2021-04-05T12:23:05.563,0.97293,-0.11976,0.01901,214.30,137.39,-87.73
2021-04-05T12:23:05.625,0.97296,-0.12177,0.01804,212.63,136.49,-89.57
2021-04-05T12:23:05.688,0.97394,-0.12078,0.01605,215.14,138.26,-89.55
2021-04-05T12:23:05.750,0.97293,-0.11976,0.01901,214.30,139.15,-88.63
2021-04-05T12:23:05.813,0.97493,-0.12177,0.01705,215.97,135.60,-90.49
2021-04-05T12:23:05.875,0.96702,-0.12080,0.01803,213.47,136.49,-89.57
2021-04-05T12:23:05.938,0.97588,-0.11874,0.01999,212.63,138.27,-88.64
2021-04-05T12:23:06.000,0.96897,-0.11878,0.01999,212.63,137.36,-90.47
2021-04-05T12:23:06.063,0.97394,-0.12176,0.01804,215.14,139.15,-89.55
2021-04-05T12:23:06.125,0.97195,-0.11978,0.01802,215.14,136.50,-88.66
2021-04-05T12:23:06.188,0.97197,-0.12180,0.01506,215.14,137.37,-90.48
2021-04-05T12:23:06.250,0.97693,-0.12377,0.01509,210.97,139.12,-91.37
2021-04-05T12:23:06.313,0.96703,-0.12181,0.01705,212.63,137.37,-89.56
2021-04-05T12:23:06.375,0.97493,-0.12176,0.01804,213.47,139.16,-87.72
2021-04-05T12:23:06.438,0.97392,-0.11975,0.02000,212.63,136.49,-89.57
2021-04-05T12:23:06.500,0.97493,-0.12178,0.01606,215.14,137.39,-87.73
2021-04-05T12:23:06.563,0.97001,-0.12279,0.01706,212.63,137.37,-89.56
2021-04-05T12:23:06.625,0.97491,-0.12074,0.02002,215.14,140.06,-85.88
2021-04-05T12:23:06.688,0.97590,-0.11976,0.01802,215.14,137.39,-88.65
2021-04-05T12:23:06.750,0.97686,-0.11774,0.01998,213.47,136.50,-88.65
2021-04-05T12:23:06.813,0.97298,-0.12378,0.01707,215.14,138.28,-87.73
2021-04-05T12:23:06.875,0.97000,-0.12179,0.01705,215.13,136.51,-87.74
2021-04-05T12:23:06.938,0.97296,-0.12177,0.01804,213.47,136.48,-90.48
2021-04-05T12:23:07.000,0.97493,-0.12178,0.01606,214.30,138.26,-89.55
2021-04-05T12:23:07.063,0.97001,-0.12279,0.01706,215.14,137.37,-90.48
2021-04-05T12:23:07.125,0.97393,-0.12077,0.01704,212.63,137.39,-87.73
2021-04-05T12:23:07.188,0.97099,-0.12279,0.01706,215.14,137.39,-87.73
2021-04-05T12:23:07.250,0.96999,-0.12177,0.02002,215.14,138.29,-86.81
2021-04-05T12:23:07.313,0.97391,-0.11877,0.01801,214.31,140.90,-90.44
2021-04-05T12:23:07.375,0.97493,-0.12178,0.01606,212.64,140.04,-87.71
2021-04-05T12:23:07.438,0.97590,-0.12073,0.02101,213.47,138.26,-89.55
2021-04-05T12:23:07.500,0.97396,-0.12279,0.01508,214.30,138.26,-89.55
2021-04-05T12:23:07.563,0.97297,-0.12277,0.01805,211.80,139.15,-88.63
2021-04-05T12:23:07.625,0.96998,-0.12078,0.01902,213.47,137.37,-89.56
2021-04-05T12:23:07.688,0.96802,-0.12181,0.01605,215.14,137.39,-88.65
2021-04-05T12:23:07.750,0.97390,-0.11778,0.01700,214.31,140.04,-88.62
2021-04-05T12:23:07.813,0.97292,-0.11877,0.01801,210.96,138.26,-88.64
2021-04-05T12:23:07.875,0.97296,-0.12178,0.01705,214.30,138.25,-90.47
2021-04-05T12:23:07.938,0.97592,-0.12175,0.01804,215.14,136.48,-90.48
2021-04-05T12:23:08.000,0.97095,-0.11976,0.02099,213.47,138.27,-88.64
2021-04-05T12:23:08.063,0.97393,-0.12077,0.01704,215.14,136.48,-91.40
2021-04-05T12:23:08.125,0.97100,-0.12280,0.01607,211.80,136.49,-89.57
2021-04-05T12:23:08.188,0.97493,-0.12176,0.01804,214.30,136.50,-88.66
2021-04-05T12:23:08.250,0.97293,-0.11976,0.01901,214.30,139.15,-88.63
2021-04-05T12:23:08.313,0.97294,-0.12076,0.01902,213.47,136.51,-87.74
2021-04-05T12:23:08.375,0.97096,-0.11979,0.01702,212.63,134.72,-89.59
2021-04-05T12:23:08.438,0.97492,-0.12077,0.01704,213.47,139.14,-89.54
2021-04-05T12:23:08.500,0.97686,-0.11776,0.01700,215.97,137.38,-89.56
2021-04-05T12:23:08.563,0.97002,-0.12380,0.01608,216.81,137.39,-88.65
2021-04-05T12:23:08.625,0.97292,-0.11878,0.01701,215.14,138.28,-87.73
2021-04-05T12:23:08.688,0.97098,-0.12176,0.02002,214.30,138.27,-88.64
2021-04-05T12:23:08.750,0.97000,-0.12278,0.01904,214.31,139.14,-89.54
2021-04-05T12:23:08.813,0.97296,-0.12178,0.01705,215.14,136.49,-89.57
2021-04-05T12:23:08.875,0.97194,-0.11977,0.01901,213.47,136.51,-87.74
2021-04-05T12:23:08.938,0.97591,-0.12174,0.02003,213.47,139.16,-87.72
2021-04-05T12:23:09.000,0.97589,-0.11974,0.02000,212.63,136.47,-91.40
2021-04-05T12:23:09.063,0.96899,-0.12079,0.01803,215.14,140.92,-88.61
2021-04-05T12:23:09.125,0.97094,-0.11878,0.01900,213.47,138.28,-87.72
2021-04-05T12:23:09.188,0.97593,-0.12275,0.01806,213.47,139.15,-88.63
2021-04-05T12:23:09.250,0.96997,-0.11979,0.01802,212.63,138.27,-87.72
2021-04-05T12:23:09.313,0.97297,-0.12277,0.01805,215.97,139.14,-90.46
2021-04-05T12:23:09.375,0.97395,-0.12276,0.01805,211.80,137.39,-87.73
2021-04-05T12:23:09.438,0.96903,-0.12380,0.01707,212.63,137.38,-88.65
2021-04-05T12:23:09.500,0.97196,-0.12079,0.01704,217.65,140.02,-91.37
2021-04-05T12:23:09.563,0.97297,-0.12277,0.01805,215.97,136.51,-87.74
2021-04-05T12:23:09.625,0.97293,-0.11977,0.01802,213.47,139.13,-90.46
2021-04-05T12:23:09.688,0.97592,-0.12177,0.01606,215.14,136.49,-89.57
2021-04-05T12:23:09.750,0.97296,-0.12276,0.01905,214.30,137.38,-88.65
2021-04-05T12:23:09.813,0.97392,-0.11975,0.02000,215.97,138.24,-92.30
2021-04-05T12:23:09.875,0.97590,-0.11977,0.01703,212.63,137.36,-90.47
2021-04-05T12:23:09.938,0.97295,-0.12078,0.01704,213.47,138.25,-90.47
2021-04-05T12:23:10.000,0.97493,-0.12176,0.01804,215.97,139.16,-88.63
2021-04-05T12:23:10.063,0.97000,-0.12278,0.01904,213.47,139.14,-89.54
2021-04-05T12:23:10.125,0.97393,-0.12077,0.01803,215.14,139.15,-89.55
2021-04-05T12:23:10.188,0.97591,-0.12076,0.01704,213.47,137.37,-90.47
2021-04-05T12:23:10.250,0.97196,-0.12079,0.01704,214.30,139.16,-87.72
2021-04-05T12:23:10.313,0.97488,-0.11776,0.01899,215.97,135.62,-88.66
2021-04-05T12:23:10.375,0.97690,-0.12077,0.01605,213.47,137.37,-90.47
2021-04-05T12:23:10.438,0.97886,-0.11974,0.01802,211.80,139.14,-89.54
2021-04-05T12:23:10.500,0.97292,-0.11878,0.01701,213.47,136.49,-89.57
2021-04-05T12:23:10.563,0.97494,-0.12276,0.01806,211.80,136.50,-88.65
2021-04-05T12:23:10.625,0.97198,-0.12279,0.01607,215.14,136.49,-89.57
2021-04-05T12:23:10.688,0.97493,-0.12177,0.01705,213.47,140.03,-89.54
2021-04-05T12:23:10.750,0.96899,-0.11980,0.01702,212.63,138.26,-89.55
2021-04-05T12:23:10.813,0.97198,-0.12277,0.01805,215.14,140.03,-89.54
2021-04-05T12:23:10.875,0.97195,-0.11979,0.01703,212.63,137.38,-88.65
2021-04-05T12:23:10.938,0.97295,-0.12078,0.01704,211.80,137.36,-90.47
2021-04-05T12:23:11.000,0.97196,-0.12079,0.01604,215.14,140.01,-92.28
2021-04-05T12:23:11.063,0.97490,-0.11974,0.02000,214.30,136.50,-88.66
2021-04-05T12:23:11.125,0.97292,-0.11877,0.01801,210.97,139.14,-89.54
2021-04-05T12:23:11.188,0.96997,-0.11979,0.01802,214.30,135.62,-87.75
2021-04-05T12:23:11.250,0.97196,-0.12078,0.01803,213.47,135.61,-89.58
2021-04-05T12:23:11.313,0.97393,-0.12077,0.01803,212.64,138.24,-91.38
2021-04-05T12:23:11.375,0.97393,-0.12077,0.01704,214.31,140.03,-89.54
2021-04-05T12:23:11.438,0.97395,-0.12276,0.01805,212.63,137.38,-88.65
2021-04-05T12:23:11.500,0.97496,-0.12377,0.01608,215.14,138.28,-87.73
2021-04-05T12:23:11.563,0.97197,-0.12177,0.01903,214.30,137.38,-88.65
2021-04-05T12:23:11.625,0.97194,-0.11976,0.02000,211.80,140.92,-88.61
2021-04-05T12:23:11.688,0.97392,-0.11978,0.01603,211.80,135.59,-90.49
2021-04-05T12:23:11.750,0.97394,-0.12177,0.01705,213.47,139.14,-89.54
2021-04-05T12:23:11.813,0.97000,-0.12179,0.01705,213.46,134.71,-90.50
2021-04-05T12:23:11.875,0.96802,-0.12180,0.01804,215.14,137.37,-90.48
2021-04-05T12:23:11.938,0.96902,-0.12281,0.01607,211.80,139.15,-88.63
2021-04-05T12:23:12.000,0.97296,-0.12177,0.01804,214.30,138.28,-87.72
2021-04-05T12:23:12.063,0.97194,-0.11880,0.01602,213.47,139.14,-89.54
2021-04-05T12:23:12.125,0.96998,-0.12079,0.01803,213.47,138.25,-90.47
2021-04-05T12:23:12.188,0.97394,-0.12177,0.01705,214.30,137.38,-88.65
2021-04-05T12:23:12.250,0.97396,-0.12279,0.01508,213.47,138.27,-88.64
2021-04-05T12:23:12.313,0.97196,-0.12080,0.01505,215.97,138.26,-89.55
2021-04-05T12:23:12.375,-54.16998,-5.26984,1.30513,210.97,138.25,-90.47
2021-04-05T12:23:12.438,0.97591,-0.12077,0.01605,213.47,137.38,-88.65
2021-04-05T12:23:12.500,0.97296,-0.12177,0.01804,214.30,138.28,-87.72
2021-04-05T12:23:12.563,0.97098,-0.12179,0.01705,216.81,138.27,-88.64
2021-04-05T12:23:12.625,0.97394,-0.12079,0.01505,211.80,139.16,-87.71
2021-04-05T12:23:12.688,0.97293,-0.11975,0.02000,214.30,135.63,-86.84
2021-04-05T12:23:12.750,0.97389,-0.11775,0.01998,214.30,137.37,-90.48
2021-04-05T12:23:12.813,0.97296,-0.12177,0.01804,214.31,139.14,-89.54
2021-04-05T12:23:12.875,0.97095,-0.11878,0.01800,215.14,139.15,-89.55
2021-04-05T12:23:12.938,0.97195,-0.12076,0.02001,216.81,140.93,-87.70
2021-04-05T12:23:13.000,0.97098,-0.12178,0.01804,214.31,140.05,-87.71
2021-04-05T12:23:13.063,0.97394,-0.12176,0.01804,213.47,137.35,-92.30
2021-04-05T12:23:13.125,0.97392,-0.11978,0.01703,214.31,139.14,-89.54
2021-04-05T12:23:13.188,0.97394,-0.12177,0.01705,215.14,138.26,-89.55
2021-04-05T12:23:13.250,0.96999,-0.12179,0.01804,215.97,138.26,-89.55
2021-04-05T12:23:13.313,0.97196,-0.12078,0.01803,214.30,138.26,-89.55
2021-04-05T12:23:13.375,0.97195,-0.12077,0.01902,213.47,140.04,-88.62
2021-04-05T12:23:13.438,0.97292,-0.11876,0.01900,212.63,137.39,-87.73
2021-04-05T12:23:13.500,0.97194,-0.11977,0.01901,215.14,137.39,-88.65
2021-04-05T12:23:13.563,0.97394,-0.12176,0.01804,212.63,137.38,-88.65
2021-04-05T12:23:13.625,0.97195,-0.11979,0.01703,215.14,140.05,-87.71
2021-04-05T12:23:13.688,0.97493,-0.12177,0.01705,215.97,139.15,-89.55
2021-04-05T12:23:13.750,0.97197,-0.12178,0.01705,213.46,135.61,-88.66
2021-04-05T12:23:13.813,0.97785,-0.11774,0.01899,213.46,134.71,-90.50
2021-04-05T12:23:13.875,0.97293,-0.11977,0.01802,213.47,138.25,-90.47
2021-04-05T12:23:13.938,0.97592,-0.12176,0.01705,215.13,136.53,-85.91
2021-04-05T12:23:14.000,0.97495,-0.12376,0.01807,216.81,138.28,-87.73
2021-04-05T12:23:14.063,0.96900,-0.12080,0.01704,210.96,138.27,-87.72
2021-04-05T12:23:14.125,0.97097,-0.12078,0.01803,213.47,137.38,-88.65
2021-04-05T12:23:14.188,0.97394,-0.12177,0.01705,215.14,136.49,-89.57
2021-04-05T12:23:14.250,0.97489,-0.11875,0.01900,212.63,137.35,-92.30
2021-04-05T12:23:14.313,0.97099,-0.12279,0.01706,212.63,136.51,-87.74
2021-04-05T12:23:14.375,0.97289,-0.11577,0.01896,212.63,137.38,-88.65
2021-04-05T12:23:14.438,0.97393,-0.12077,0.01803,214.30,138.27,-88.64
2021-04-05T12:23:14.500,0.97492,-0.12076,0.01803,213.47,139.14,-89.54
2021-04-05T12:23:14.563,0.97394,-0.12079,0.01505,215.97,139.18,-85.89
2021-04-05T12:23:14.625,0.97396,-0.12277,0.01706,210.97,139.13,-90.46
2021-04-05T12:23:14.688,0.97392,-0.11976,0.01901,214.30,136.48,-90.48
2021-04-05T12:23:14.750,0.97592,-0.12273,0.02004,215.14,139.15,-88.63
2021-04-05T12:23:14.813,0.97592,-0.12174,0.01904,214.30,138.25,-90.47
2021-04-05T12:23:14.875,0.97204,-0.12777,0.01811,214.30,134.71,-90.50
2021-04-05T12:23:14.938,1.09423,-0.07529,-0.10546,213.47,136.47,-91.40
2021-04-05T12:23:15.000,1.19357,-0.22417,0.04921,205.97,137.21,-106.01
2021-04-05T12:23:15.063,1.03050,-0.10922,-0.17456,194.29,137.02,-125.20
2021-04-05T12:23:15.125,0.98781,-0.18213,-0.14891,174.29,145.62,-148.88
2021-04-05T12:23:15.188,0.91463,-0.05796,-0.29139,151.78,153.36,-168.90
2021-04-05T12:23:15.250,0.86083,-0.08679,-0.35463,129.26,159.31,-191.68
2021-04-05T12:23:15.313,0.80159,-0.14129,-0.49212,100.91,165.30,-208.98
2021-04-05T12:23:15.375,0.69782,-0.00593,-0.59625,70.88,170.38,-228.11
2021-04-05T12:23:15.438,0.59737,-0.08076,-0.63622,36.67,173.75,-240.86
2021-04-05T12:23:15.500,0.48444,-0.07735,-0.74489,-3.38,178.01,-251.76
2021-04-05T12:23:15.563,0.41044,-0.04229,-0.80119,-38.42,184.11,-255.34
2021-04-05T12:23:15.625,0.34041,-0.09901,-0.84544,-71.80,184.05,-256.23
2021-04-05T12:23:15.688,0.21378,0.07861,-0.90456,-107.69,182.23,-256.23
2021-04-05T12:23:15.750,0.12422,-0.07399,-0.93375,-126.89,184.00,-252.54
2021-04-05T12:23:15.813,0.00533,-0.05813,-0.98800,-144.42,179.60,-247.09
2021-04-05T12:23:15.875,0.00809,-0.04306,-0.98018,-156.94,184.92,-243.37
2021-04-05T12:23:15.938,-0.08552,-0.01268,-0.99061,-157.77,185.85,-237.88
2021-04-05T12:23:16.000,-0.06280,-0.02647,-0.98143,-158.60,192.99,-231.41
2021-04-05T12:23:16.063,-0.02805,0.02573,-0.97504,-164.44,193.86,-231.40
2021-04-05T12:23:16.125,-0.06252,-0.05238,-0.97413,-166.11,196.55,-226.80
2021-04-05T12:23:16.188,-0.07841,0.05137,-0.98238,-170.29,193.03,-225.01
2021-04-05T12:23:16.250,-0.09835,-0.00965,-0.97866,-173.62,196.57,-224.06
2021-04-05T12:23:16.313,-0.06507,0.08742,-0.98080,-167.78,199.24,-223.12
2021-04-05T12:23:16.375,-0.07779,-0.00354,-0.97872,-169.45,199.23,-224.04
2021-04-05T12:23:16.438,-0.08119,0.03641,-0.97820,-173.62,197.48,-220.39
2021-04-05T12:23:16.500,-0.10271,0.02928,-0.98013,-172.79,197.48,-221.31
2021-04-05T12:23:16.563,-0.09749,0.00038,-0.97479,-170.28,201.03,-220.36
2021-04-05T12:23:16.625,-0.13214,0.02612,-0.98112,-171.12,199.24,-222.21
2021-04-05T12:23:16.688,-0.09883,0.03232,-0.97717,-171.94,202.76,-224.00
2021-04-05T12:23:16.750,-0.07178,-0.01641,-0.96857,-169.45,198.36,-222.22
2021-04-05T12:23:16.813,-0.09275,0.01635,-0.97997,-167.77,201.87,-224.93
2021-04-05T12:23:16.875,-0.05089,0.04858,-0.97533,-166.94,201.90,-222.18
2021-04-05T12:23:16.938,-0.04771,0.02761,-0.97607,-165.27,201.04,-219.45
2021-04-05T12:23:17.000,-0.06445,0.03152,-0.97613,-167.78,200.12,-223.11
2021-04-05T12:23:17.063,-0.07999,0.01644,-0.97696,-166.94,201.00,-224.02
2021-04-05T12:23:17.125,-0.08298,0.02140,-0.97903,-167.78,199.25,-222.21
2021-04-05T12:23:17.188,-0.07314,0.01947,-0.97799,-169.45,199.25,-221.29
2021-04-05T12:23:17.250,-0.06731,0.02450,-0.97705,-167.78,198.35,-223.13
2021-04-05T12:23:17.313,-0.05763,0.03658,-0.97319,-170.28,198.35,-223.13
2021-04-05T12:23:17.375,-0.07803,0.01745,-0.97697,-173.62,199.21,-224.95
2021-04-05T12:23:17.438,-0.12485,-0.00984,-0.98468,-171.95,200.98,-224.93
2021-04-05T12:23:17.500,-0.08773,0.00642,-0.97585,-169.45,196.59,-222.23
2021-04-05T12:23:17.563,-0.07317,0.02245,-0.98003,-170.28,201.91,-220.35
2021-04-05T12:23:17.625,-0.05858,0.03355,-0.97615,-169.44,201.00,-223.10
2021-04-05T12:23:17.688,-0.08003,0.02042,-0.97901,-168.61,202.79,-221.26
2021-04-05T12:23:17.750,-0.08974,0.01137,-0.97991,-164.44,199.25,-222.21
2021-04-05T12:23:17.813,-0.02225,0.03380,-0.97013,-165.27,204.57,-220.33
2021-04-05T12:23:17.875,-0.03245,0.06769,-0.97255,-166.10,203.69,-219.42
2021-04-05T12:23:17.938,-0.06844,0.03845,-0.98022,-163.60,204.57,-220.33
2021-04-05T12:23:18.000,-0.06733,0.02650,-0.97708,-169.45,200.14,-220.37
2021-04-05T12:23:18.063,-0.06837,0.03052,-0.97413,-166.94,201.92,-220.36
2021-04-05T12:23:18.125,-0.08100,0.01943,-0.97700,-169.45,198.37,-221.30
2021-04-05T12:23:18.188,-0.09169,0.00937,-0.97889,-171.12,199.25,-221.29
2021-04-05T12:23:18.250,-0.08389,0.01440,-0.97894,-171.95,200.12,-222.20
2021-04-05T12:23:18.313,-0.08296,0.01843,-0.97599,-170.28,201.01,-222.19
2021-04-05T12:23:18.375,-0.08584,0.01340,-0.97793,-168.61,201.00,-223.10
2021-04-05T12:23:18.438,-0.07610,0.02044,-0.97901,-165.27,203.66,-223.08
2021-04-05T12:23:18.500,-0.02082,0.08077,-0.96870,-166.10,203.69,-219.42
2021-04-05T12:23:18.563,-0.06038,0.01954,-0.97799,-166.94,203.70,-218.51
2021-04-05T12:23:18.625,-0.05078,0.03957,-0.97822,-166.11,201.91,-221.27
2021-04-05T12:23:18.688,-0.08771,0.00634,-0.98485,-166.94,201.89,-223.10
2021-04-05T12:23:18.750,-0.06538,0.02749,-0.97909,-165.27,201.92,-220.36
2021-04-05T12:23:18.813,-0.05087,0.04659,-0.97431,-163.60,204.56,-222.16
2021-04-05T12:23:18.875,-0.05378,0.04356,-0.97627,-161.09,204.57,-221.25
2021-04-05T12:23:18.938,-0.05958,0.03651,-0.97919,-166.11,201.91,-221.27
2021-04-05T12:23:19.000,-0.06637,0.02850,-0.97710,-165.27,204.54,-223.99
2021-04-05T12:23:19.063,-0.06734,0.02748,-0.97909,-166.10,203.69,-219.42
2021-04-05T12:23:19.125,-0.06448,0.03452,-0.97617,-165.27,204.57,-220.33
2021-04-05T12:23:19.188,-0.05773,0.04553,-0.97730,-164.43,203.68,-221.25
2021-04-05T12:23:19.250,-0.07210,0.01446,-0.97993,-164.43,202.80,-221.26
2021-04-05T12:23:19.313,-0.05671,0.04255,-0.97626,-166.10,202.81,-219.43
2021-04-05T12:23:19.375,-0.06251,0.03451,-0.97817,-168.61,204.58,-219.41
2021-04-05T12:23:19.438,-0.07025,0.02349,-0.97704,-166.11,200.16,-219.46
2021-04-05T12:23:19.500,-0.05380,0.04555,-0.97729,-166.10,202.80,-220.35
2021-04-05T12:23:19.563,-0.05954,0.03253,-0.97814,-165.27,203.69,-220.34
2021-04-05T12:23:19.625,-0.05952,0.03053,-0.97812,-167.77,204.57,-220.33
2021-04-05T12:23:19.688,-0.06143,0.02650,-0.98107,-164.44,201.02,-222.19
2021-04-05T12:23:19.750,-0.06443,0.03050,-0.97812,-168.60,204.55,-222.16
2021-04-05T12:23:19.813,-0.06442,0.02950,-0.97811,-166.10,203.69,-220.34
2021-04-05T12:23:19.875,-0.06434,0.02250,-0.97902,-167.77,205.48,-217.58
2021-04-05T12:23:19.938,-0.05376,0.04256,-0.97726,-168.61,204.58,-219.41
2021-04-05T12:23:20.000,-0.05672,0.04353,-0.97827,-165.27,203.69,-220.34
2021-04-05T12:23:20.063,-0.04897,0.05259,-0.97538,-166.10,206.35,-219.40
2021-04-05T12:23:20.125,-0.06138,0.02152,-0.97901,-165.27,205.48,-217.58
2021-04-05T12:23:20.188,-0.06445,0.03152,-0.97613,-166.94,204.57,-220.33
2021-04-05T12:23:20.250,-0.05760,0.03453,-0.97916,-167.78,199.25,-221.29
2021-04-05T12:23:20.313,-0.05673,0.04454,-0.97728,-167.77,203.68,-221.25
2021-04-05T12:23:20.375,-0.05864,0.03951,-0.97922,-167.77,204.54,-223.07
2021-04-05T12:23:20.438,-0.06440,0.02751,-0.97808,-164.43,202.80,-221.26
2021-04-05T12:23:20.500,-0.06055,0.03453,-0.97717,-166.94,203.68,-221.25
2021-04-05T12:23:20.563,-0.05196,0.05658,-0.97443,-166.94,204.58,-219.42
2021-04-05T12:23:20.625,-0.05676,0.04654,-0.97731,-169.44,203.66,-222.17
2021-04-05T12:23:20.688,-0.07032,0.03048,-0.97713,-166.94,204.57,-220.33
2021-04-05T12:23:20.750,-0.06354,0.03849,-0.97922,-167.77,202.79,-221.26
2021-04-05T12:23:20.813,-0.05867,0.04252,-0.97826,-167.77,202.79,-221.26
2021-04-05T12:23:20.875,-0.07602,0.01441,-0.98293,-167.77,201.91,-221.27
2021-04-05T12:23:20.938,-0.06447,0.03352,-0.97616,-166.94,202.79,-221.26
2021-04-05T12:23:21.000,-0.06062,0.04150,-0.97925,-163.60,202.81,-219.43
2021-04-05T12:23:21.063,-0.05486,0.05253,-0.97838,-163.60,204.57,-220.33
2021-04-05T12:23:21.125,-0.09644,-0.00370,-0.98473,-166.94,204.58,-219.42
2021-04-05T12:23:21.188,-0.04725,0.07457,-0.97564,-168.61,204.57,-220.33
2021-04-05T12:23:21.250,-0.06545,0.03350,-0.97716,-166.94,203.67,-222.17
2021-04-05T12:23:21.313,-0.07112,0.01446,-0.98093,-167.77,201.91,-220.35
2021-04-05T12:23:21.375,-0.06150,0.03250,-0.98014,-166.94,204.58,-219.42
2021-04-05T12:23:21.438,-0.06160,0.04051,-0.97824,-166.10,205.46,-219.41
2021-04-05T12:23:21.500,-0.06336,0.02350,-0.98004,-166.94,202.79,-221.26
2021-04-05T12:23:21.563,-0.06253,0.03553,-0.97618,-164.43,204.57,-220.33
2021-04-05T12:23:21.625,-0.06825,0.02148,-0.97902,-166.94,201.02,-221.28
2021-04-05T12:23:21.688,-0.05192,0.05258,-0.97438,-168.61,204.58,-219.41
2021-04-05T12:23:21.750,-0.05488,0.05359,-0.97139,-167.78,201.92,-219.44
2021-04-05T12:23:21.813,-0.08380,0.00737,-0.98386,-164.44,201.91,-221.27
2021-04-05T12:23:21.875,-0.05385,0.04957,-0.97534,-168.61,200.15,-219.46
2021-04-05T12:23:21.938,-0.05858,0.03452,-0.97916,-167.78,199.25,-221.29
2021-04-05T12:23:22.000,-0.05084,0.04455,-0.97928,-166.10,202.79,-222.18
2021-04-05T12:23:22.063,-0.06150,0.03250,-0.98014,-166.93,205.45,-221.24
2021-04-05T12:23:22.125,-0.06634,0.02550,-0.97806,-166.94,203.67,-222.17
2021-04-05T12:23:22.188,-0.06252,0.03551,-0.97818,-164.44,202.81,-219.43
2021-04-05T12:23:22.250,-0.06145,0.02751,-0.97908,-167.77,201.90,-222.18
2021-04-05T12:23:22.313,-0.06545,0.03448,-0.97917,-166.94,201.89,-223.10
2021-04-05T12:23:22.375,-0.05856,0.03254,-0.97714,-165.27,202.79,-222.18
2021-04-05T12:23:22.438,-0.05861,0.03654,-0.97719,-167.77,202.82,-218.52
2021-04-05T12:23:22.500,-0.06733,0.02650,-0.97708,-165.27,201.91,-221.27
2021-04-05T12:23:22.563,-0.05857,0.03352,-0.97915,-170.27,204.56,-220.33
2021-04-05T12:23:22.625,-0.05572,0.04155,-0.97725,-166.94,201.92,-220.36
2021-04-05T12:23:22.688,-0.06636,0.02749,-0.97909,-165.27,204.57,-220.33
2021-04-05T12:23:22.750,-0.05666,0.03854,-0.97821,-167.77,202.81,-219.43
2021-04-05T12:23:22.813,-0.05762,0.03654,-0.97719,-169.44,201.93,-218.53
2021-04-05T12:23:22.875,-0.06434,0.02348,-0.98104,-167.77,203.67,-222.17
2021-04-05T12:23:22.938,-0.06161,0.04153,-0.97525,-166.10,203.68,-221.25
2021-04-05T12:23:23.000,-0.06832,0.02747,-0.98009,-167.77,204.58,-219.42
2021-04-05T12:23:23.063,-0.06150,0.03251,-0.97914,-167.77,202.80,-220.35
2021-04-05T12:23:23.125,-0.05956,0.03452,-0.97917,-166.94,203.68,-220.34
2021-04-05T12:23:23.188,-0.06054,0.03352,-0.97815,-168.61,202.79,-221.26
2021-04-05T12:23:23.250,-0.06247,0.03053,-0.97612,-166.94,204.57,-220.33
2021-04-05T12:23:23.313,-0.06443,0.03050,-0.97812,-165.27,203.67,-222.17
2021-04-05T12:23:23.375,-0.06539,0.02849,-0.97910,-166.10,202.79,-222.18
2021-04-05T12:23:23.438,-0.06148,0.03052,-0.97812,-168.61,203.70,-218.51
2021-04-05T12:23:23.500,-0.06351,0.03552,-0.97618,-166.94,201.92,-219.44
2021-04-05T12:23:23.563,-0.06351,0.03650,-0.97819,-166.94,203.68,-221.25
2021-04-05T12:23:23.625,-0.06347,0.03251,-0.97814,-166.10,202.80,-220.35
2021-04-05T12:23:23.688,-0.06148,0.02955,-0.97511,-168.61,201.91,-221.27
2021-04-05T12:23:23.750,-0.06243,0.02750,-0.98008,-167.78,201.04,-219.45
2021-04-05T12:23:23.813,-0.06344,0.03049,-0.98012,-166.10,202.81,-219.43
2021-04-05T12:23:23.875,-0.06347,0.03251,-0.97814,-167.77,201.91,-220.35
2021-04-05T12:23:23.938,-0.06542,0.03150,-0.97813,-166.94,201.03,-220.36
2021-04-05T12:23:24.000,-0.06151,0.03252,-0.97714,-168.61,201.91,-220.35
2021-04-05T12:23:24.063,-0.06345,0.03050,-0.97912,-167.78,201.04,-219.45
2021-04-05T12:23:24.125,-0.06445,0.03249,-0.97914,-166.94,201.93,-218.53
2021-04-05T12:23:24.188,-0.05562,0.03354,-0.97915,-167.78,201.01,-222.19
2021-04-05T12:23:24.250,-0.06154,0.03551,-0.97818,-166.94,201.02,-221.28
2021-04-05T12:23:24.313,-0.06056,0.03552,-0.97818,-166.10,202.78,-223.09
2021-04-05T12:23:24.375,-0.06545,0.03349,-0.97816,-168.61,201.91,-221.27
2021-04-05T12:23:24.438,-0.06346,0.03152,-0.97713,-165.27,205.46,-220.32
2021-04-05T12:23:24.500,-0.06541,0.03049,-0.97912,-166.94,201.89,-223.10
2021-04-05T12:23:24.563,-0.06250,0.03350,-0.97916,-170.28,199.24,-222.21
2021-04-05T12:23:24.625,-0.06056,0.03552,-0.97818,-166.94,202.80,-220.35
2021-04-05T12:23:24.688,-0.06352,0.03652,-0.97619,-166.94,204.56,-221.24
2021-04-05T12:23:24.750,-0.06347,0.03251,-0.97814,-168.61,202.80,-220.35
2021-04-05T12:23:24.813,-0.06053,0.03255,-0.97514,-167.78,200.13,-222.20
2021-04-05T12:23:24.875,-0.06150,0.03153,-0.97713,-168.60,204.56,-221.24
2021-04-05T12:23:24.938,-0.06346,0.03150,-0.97913,-166.11,199.26,-220.38
2021-04-05T12:23:25.000,-0.06155,0.03554,-0.97518,-166.94,204.57,-220.33
2021-04-05T12:23:25.063,-0.05855,0.03152,-0.97913,-168.61,201.91,-220.35
2021-04-05T12:23:25.125,-0.06147,0.02952,-0.97811,-166.94,201.02,-221.28
2021-04-05T12:23:25.188,-0.06247,0.03149,-0.98013,-168.61,201.05,-218.53
2021-04-05T12:23:25.250,-0.06147,0.02953,-0.97711,-167.77,202.77,-223.09
2021-04-05T12:23:25.313,-0.05861,0.03752,-0.97920,-166.94,202.81,-219.43
2021-04-05T12:23:25.375,-0.06250,0.03351,-0.97816,-166.94,201.91,-221.27
2021-04-05T12:23:25.438,-0.06148,0.03052,-0.97812,-168.61,202.82,-217.60
2021-04-05T12:23:25.500,-0.06251,0.03453,-0.97617,-170.27,203.66,-222.16
2021-04-05T12:23:25.563,-0.06052,0.03251,-0.97914,-166.94,201.05,-218.53
2021-04-05T12:23:25.625,-0.06052,0.03252,-0.97814,-166.94,201.03,-220.36
2021-04-05T12:23:25.688,-0.05954,0.03250,-0.98114,-167.77,201.91,-220.35
2021-04-05T12:23:25.750,-0.06150,0.03251,-0.97914,-167.77,203.68,-221.25
2021-04-05T12:23:25.813,-0.06056,0.03553,-0.97718,-165.27,201.92,-220.36
2021-04-05T12:23:25.875,-0.06153,0.03450,-0.97917,-166.95,199.28,-218.55
2021-04-05T12:23:25.938,-0.06249,0.03251,-0.97814,-166.11,200.15,-220.37
2021-04-05T12:23:26.000,-0.05957,0.03453,-0.97717,-167.78,200.15,-220.37
2021-04-05T12:23:26.063,-0.06249,0.03251,-0.97814,-166.11,200.16,-219.46
2021-04-05T12:23:26.125,-0.06150,0.03154,-0.97513,-164.43,203.68,-221.25
2021-04-05T12:23:26.188,-0.06148,0.03051,-0.97912,-168.61,201.03,-220.36
2021-04-05T12:23:26.250,-0.06446,0.03349,-0.97916,-169.44,202.80,-220.35
2021-04-05T12:23:26.313,-0.05955,0.03353,-0.97815,-169.44,201.02,-221.28
2021-04-05T12:23:26.375,-0.05954,0.03253,-0.97814,-167.77,205.44,-221.24
2021-04-05T12:23:26.438,-0.05957,0.03454,-0.97617,-168.61,201.00,-223.10
2021-04-05T12:23:26.500,-0.05959,0.03653,-0.97719,-165.27,199.25,-222.21
2021-04-05T12:23:26.563,-0.06250,0.03350,-0.97916,-169.44,202.78,-222.17
2021-04-05T12:23:26.625,-0.06443,0.03048,-0.98012,-169.45,199.27,-219.46
2021-04-05T12:23:26.688,-0.06540,0.02949,-0.97911,-166.94,201.92,-219.44
2021-04-05T12:23:26.750,-0.06445,0.03249,-0.97914,-167.77,203.68,-221.25
2021-04-05T12:23:26.813,-0.05956,0.03354,-0.97615,-169.44,203.69,-219.42
2021-04-05T12:23:26.875,-0.05858,0.03453,-0.97816,-166.11,201.92,-220.36
2021-04-05T12:23:26.938,-0.06541,0.03050,-0.97812,-166.94,201.92,-220.36
2021-04-05T12:23:27.000,-0.05855,0.03155,-0.97613,-168.61,200.14,-220.37
2021-04-05T12:23:27.063,-0.06149,0.03053,-0.97712,-168.61,202.82,-217.60
2021-04-05T12:23:27.125,-0.05861,0.03752,-0.97920,-168.61,201.04,-219.45
2021-04-05T12:23:27.188,-0.06540,0.02950,-0.97811,-168.61,201.92,-219.44
2021-04-05T12:23:27.250,-0.05761,0.03554,-0.97718,-166.94,201.91,-221.27
2021-04-05T12:23:27.313,-0.06243,0.02751,-0.97908,-167.77,203.68,-220.34
2021-04-05T12:23:27.375,-0.06147,0.02952,-0.97811,-169.44,203.66,-222.17
2021-04-05T12:23:27.438,-0.06348,0.03350,-0.97816,-167.78,199.27,-219.47
2021-04-05T12:23:27.500,-0.06151,0.03252,-0.97714,-165.27,202.78,-223.09
2021-04-05T12:23:27.563,-0.06052,0.03252,-0.97814,-166.10,203.69,-220.34
2021-04-05T12:23:27.625,-0.06055,0.03453,-0.97717,-169.44,202.80,-219.43
2021-04-05T12:23:27.688,-0.06548,0.03650,-0.97719,-167.78,201.03,-220.36
2021-04-05T12:23:27.750,-0.06252,0.03550,-0.97918,-168.61,203.67,-221.25
2021-04-05T12:23:27.813,-0.06544,0.03250,-0.97715,-166.11,201.01,-223.11
2021-04-05T12:23:27.875,-0.06540,0.02950,-0.97811,-169.44,201.02,-221.28
2021-04-05T12:23:27.938,-0.06246,0.03050,-0.97912,-166.10,202.81,-219.43
2021-04-05T12:23:28.000,-0.06152,0.03351,-0.97815,-170.28,203.69,-219.42
2021-04-05T12:23:28.063,-0.05960,0.03754,-0.97620,-169.44,204.57,-219.41
2021-04-05T12:23:28.125,-0.06342,0.02850,-0.97910,-166.95,198.39,-219.47
2021-04-05T12:23:28.188,-0.05049,0.01359,-0.97891,-167.77,202.81,-219.43
2021-04-05T12:23:28.250,-0.06376,0.05753,-0.97245,-170.28,200.17,-217.63
2021-04-05T12:23:28.313,-0.04967,0.02759,-0.97708,-169.45,201.04,-219.45
2021-04-05T12:23:28.375,-0.09853,0.00729,-0.98387,-168.61,201.91,-221.27
2021-04-05T12:23:28.438,-0.02538,0.04975,-0.97133,-166.94,202.80,-220.35
2021-04-05T12:23:28.500,-0.08772,0.00637,-0.98185,-168.61,202.78,-222.17
2021-04-05T12:23:28.563,-0.03138,0.05971,-0.97145,-167.78,201.93,-218.53
2021-04-05T12:23:28.625,-0.07889,0.00741,-0.98185,-165.27,201.91,-221.27
2021-04-05T12:23:28.688,-0.03902,0.04066,-0.97423,-169.44,201.02,-221.28
2021-04-05T12:23:28.750,-0.04001,0.04069,-0.97123,-168.61,200.14,-221.28
2021-04-05T12:23:28.813,-0.10530,-0.00176,-0.98576,-167.78,201.01,-222.19
2021-04-05T12:23:28.875,-0.05083,0.04358,-0.97627,-169.44,202.79,-221.26
2021-04-05T12:23:28.938,-0.06537,0.02748,-0.98008,-166.94,204.57,-220.33
2021-04-05T12:23:29.000,-0.05672,0.04353,-0.97827,-167.77,206.32,-222.14
2021-04-05T12:23:29.063,-0.06048,0.02853,-0.97709,-168.61,203.67,-222.17
2021-04-05T12:23:29.125,-0.05000,0.05660,-0.97343,-169.44,201.93,-218.53
2021-04-05T12:23:29.188,-0.06920,0.01849,-0.97798,-166.95,198.39,-219.47
2021-04-05T12:23:29.250,-0.06647,0.03749,-0.97721,-168.61,202.81,-219.43
2021-04-05T12:23:29.313,-0.07703,0.01544,-0.97895,-167.78,201.03,-220.36
2021-04-05T12:23:29.375,-0.04117,0.05763,-0.97543,-166.10,203.69,-220.34
2021-04-05T12:23:29.438,-0.08400,0.02533,-0.98607,-166.94,201.92,-220.36
2021-04-05T12:23:29.500,-0.02527,0.03977,-0.97021,-166.11,201.93,-219.44
2021-04-05T12:23:29.563,-0.05758,0.03352,-0.98015,-168.61,202.76,-224.00
2021-04-05T12:23:29.625,-0.06036,0.01853,-0.97897,-166.10,202.77,-224.00
2021-04-05T12:23:29.688,-0.06275,0.05646,-0.98143,-168.61,200.13,-222.20
2021-04-05T12:23:29.750,-0.12135,0.03002,-0.99815,-165.27,202.78,-223.09
2021-04-05T12:23:29.813,-0.05575,0.04837,-0.99632,-160.26,200.12,-224.03
2021-04-05T12:23:29.875,-0.03614,0.05048,-0.99533,-153.58,202.75,-228.58
2021-04-05T12:23:29.938,0.07364,-0.02363,-0.96937,-131.88,200.97,-233.18
2021-04-05T12:23:30.000,0.17660,-0.02146,-0.90139,-102.67,199.15,-244.19
2021-04-05T12:23:30.063,0.28906,0.01637,-0.87181,-62.61,193.88,-247.00
2021-04-05T12:23:30.125,0.31090,-0.00823,-0.84356,-28.41,182.40,-250.79
2021-04-05T12:23:30.188,0.49024,-0.06259,-0.77397,5.80,176.27,-249.95
2021-04-05T12:23:30.250,0.56422,-0.09266,-0.71775,35.00,171.06,-244.54
2021-04-05T12:23:30.313,0.66239,-0.08260,-0.65805,63.36,165.89,-234.55
2021-04-05T12:23:30.375,0.71366,-0.10264,-0.58413,89.21,157.24,-218.19
2021-04-05T12:23:30.438,0.77139,-0.08931,-0.46991,117.57,150.31,-206.39
2021-04-05T12:23:30.500,0.86626,-0.19386,-0.49045,137.59,148.75,-187.22
2021-04-05T12:23:30.563,0.82293,-0.05469,-0.31831,160.11,145.45,-165.32
2021-04-05T12:23:30.625,1.04211,-0.07577,-0.23748,177.62,143.04,-141.59
2021-04-05T12:23:30.688,1.11586,-0.15205,-0.10055,193.46,141.44,-125.16
2021-04-05T12:23:30.750,0.95934,-0.11606,-0.11499,200.13,137.11,-116.06
2021-04-05T12:23:30.813,1.00913,-0.08766,0.01270,206.80,134.53,-109.69
2021-04-05T12:23:30.875,0.96500,-0.10635,-0.03970,213.47,131.94,-103.32
2021-04-05T12:23:30.938,0.93243,-0.12556,0.06469,215.98,134.60,-103.30
2021-04-05T12:23:31.000,0.98199,-0.13470,0.01920,217.64,132.83,-103.32
2021-04-05T12:23:31.063,0.97296,-0.12178,0.01705,213.48,138.99,-106.00
2021-04-05T12:23:31.125,0.97589,-0.11975,0.01901,215.98,139.91,-103.25
2021-04-05T12:23:31.188,0.97575,-0.10677,0.01786,213.48,136.34,-106.02
2021-04-05T12:23:31.250,0.96830,-0.14677,0.01735,214.31,136.38,-101.45
2021-04-05T12:23:31.313,0.98220,-0.06673,0.02334,214.31,137.23,-105.10
2021-04-05T12:23:31.375,0.96274,-0.17878,0.01475,215.98,135.46,-106.03
2021-04-05T12:23:31.438,0.97647,-0.08376,0.02156,216.81,139.07,-98.69
2021-04-05T12:23:31.500,0.96939,-0.15576,0.01646,214.31,138.12,-105.09
2021-04-05T12:23:31.563,0.97663,-0.09776,0.01974,214.31,137.26,-102.36
2021-04-05T12:23:31.625,0.96816,-0.13381,0.01521,215.98,136.35,-105.11
2021-04-05T12:23:31.688,0.97575,-0.10677,0.01786,213.47,137.26,-102.36
2021-04-05T12:23:31.750,0.97005,-0.12679,0.01711,212.63,132.86,-99.66
2021-04-05T12:23:31.813,0.97090,-0.11478,0.01895,216.81,136.38,-102.37
2021-04-05T12:23:31.875,0.97191,-0.11676,0.01997,214.31,137.23,-105.10
2021-04-05T12:23:31.938,0.97390,-0.11777,0.01799,216.81,134.60,-103.30
2021-04-05T12:23:32.000,0.97690,-0.12076,0.01704,214.30,133.71,-103.31
2021-04-05T12:23:32.063,0.97490,-0.11876,0.01801,215.98,135.50,-101.46
2021-04-05T12:23:32.125,0.97388,-0.11676,0.01897,215.98,136.37,-103.28
2021-04-05T12:23:32.188,0.97193,-0.11779,0.01700,215.14,135.49,-102.38
2021-04-05T12:23:32.250,0.97388,-0.11676,0.01897,216.81,136.38,-102.37
2021-04-05T12:23:32.313,0.97388,-0.11676,0.01897,215.98,138.13,-104.18
2021-04-05T12:23:32.375,0.97093,-0.11777,0.01998,215.14,134.62,-101.47
2021-04-05T12:23:32.438,0.97491,-0.11976,0.01802,216.81,136.37,-103.28
2021-04-05T12:23:32.500,0.97388,-0.11674,0.02096,215.14,137.27,-101.45
2021-04-05T12:23:32.563,0.97189,-0.11576,0.02095,212.64,137.26,-101.44
2021-04-05T12:23:32.625,0.97386,-0.11476,0.01994,215.14,135.46,-106.03
2021-04-05T12:23:32.688,0.97489,-0.11875,0.01999,218.48,138.13,-104.18
2021-04-05T12:23:32.750,0.96994,-0.11777,0.01998,216.82,141.61,-110.55
2021-04-05T12:23:32.813,0.97095,-0.11976,0.02000,216.82,137.12,-117.90
2021-04-05T12:23:32.875,0.97786,-0.11874,0.01900,214.31,131.89,-109.72
2021-04-05T12:23:32.938,0.97093,-0.11680,0.01699,216.81,135.45,-106.95
2021-04-05T12:23:33.000,0.96994,-0.11680,0.01699,219.32,136.32,-108.77
2021-04-05T12:23:33.063,0.97095,-0.11880,0.01602,215.15,134.52,-111.53
2021-04-05T12:23:33.125,0.97096,-0.11979,0.01702,216.81,131.00,-110.65
2021-04-05T12:23:33.188,0.97193,-0.11875,0.02098,217.65,135.43,-109.69
2021-04-05T12:23:33.250,0.97194,-0.11977,0.01901,215.14,132.81,-106.06
2021-04-05T12:23:33.313,0.97388,-0.11675,0.01997,215.98,135.44,-107.86
2021-04-05T12:23:33.375,0.96991,-0.11478,0.01994,216.81,131.91,-107.90
2021-04-05T12:23:33.438,0.97390,-0.11777,0.01799,216.81,132.78,-108.80
2021-04-05T12:23:33.500,0.98188,-0.12472,0.01808,217.65,135.42,-110.61
2021-04-05T12:23:33.563,0.97586,-0.11675,0.01898,217.65,134.53,-111.53
2021-04-05T12:23:33.625,0.97587,-0.11774,0.01998,216.81,133.68,-107.88
2021-04-05T12:23:33.688,0.97687,-0.11873,0.01999,215.98,134.56,-107.87
2021-04-05T12:23:33.750,0.97586,-0.11676,0.01798,215.98,135.44,-107.86
2021-04-05T12:23:33.813,0.97391,-0.11878,0.01701,219.32,137.25,-104.19
2021-04-05T12:23:33.875,0.97491,-0.11979,0.01504,217.65,136.30,-111.51
2021-04-05T12:23:33.938,0.97292,-0.11878,0.01701,216.82,138.06,-112.41
2021-04-05T12:23:34.000,0.97587,-0.11777,0.01700,213.48,136.30,-110.60
2021-04-05T12:23:34.063,0.97589,-0.11877,0.01702,215.98,135.40,-112.43
2021-04-05T12:23:34.125,0.97291,-0.11777,0.01799,215.98,134.50,-114.27
2021-04-05T12:23:34.188,0.97292,-0.11877,0.01801,218.48,130.07,-115.23
2021-04-05T12:23:34.250,0.97391,-0.11877,0.01801,220.98,131.87,-112.47
2021-04-05T12:23:34.313,0.97489,-0.11776,0.01800,220.98,130.09,-113.40
2021-04-05T12:23:34.375,0.97291,-0.11777,0.01799,219.31,131.00,-110.65
2021-04-05T12:23:34.438,0.97686,-0.11774,0.01899,220.98,131.86,-113.38
2021-04-05T12:23:34.500,0.97687,-0.11875,0.01801,216.81,135.43,-109.69
2021-04-05T12:23:34.563,0.97389,-0.11677,0.01798,219.32,135.41,-112.44
2021-04-05T12:23:34.625,0.97194,-0.11879,0.01701,219.32,135.42,-110.61
2021-04-05T12:23:34.688,0.97590,-0.11977,0.01703,216.82,136.28,-113.34
2021-04-05T12:23:34.750,0.97289,-0.11676,0.01997,217.65,133.64,-112.45
2021-04-05T12:23:34.813,0.97392,-0.11977,0.01802,217.65,132.73,-115.20
2021-04-05T12:23:34.875,0.97390,-0.11776,0.01899,215.14,132.75,-112.46
2021-04-05T12:23:34.938,0.97293,-0.11879,0.01602,217.65,135.41,-111.52
2021-04-05T12:23:35.000,0.97293,-0.11880,0.01503,216.81,134.54,-110.61
2021-04-05T12:23:35.063,0.97191,-0.11679,0.01699,219.32,135.42,-110.61
2021-04-05T12:23:35.125,0.97881,-0.11573,0.01996,215.98,132.75,-112.46
2021-04-05T12:23:35.188,0.97195,-0.11979,0.01703,216.81,131.87,-111.55
2021-04-05T12:23:35.250,0.97490,-0.11876,0.01801,215.14,131.90,-108.81
2021-04-05T12:23:35.313,0.97092,-0.11679,0.01798,215.98,132.75,-112.46
2021-04-05T12:23:35.375,0.97587,-0.11774,0.01998,219.31,130.98,-112.48
2021-04-05T12:23:35.438,0.97293,-0.11977,0.01802,217.65,132.78,-109.72
2021-04-05T12:23:35.500,0.97490,-0.11876,0.01801,216.81,133.66,-109.71
2021-04-05T12:23:35.563,0.97588,-0.11876,0.01801,215.98,130.98,-112.48
2021-04-05T12:23:35.625,0.97391,-0.11877,0.01801,216.81,133.64,-111.54
2021-04-05T12:23:35.688,0.97588,-0.11876,0.01801,216.82,136.29,-112.43
2021-04-05T12:23:35.750,0.97389,-0.11678,0.01699,218.48,132.78,-109.72
2021-04-05T12:23:35.813,0.97686,-0.11774,0.01899,218.48,133.65,-110.62
2021-04-05T12:23:35.875,0.97586,-0.11675,0.01898,218.48,135.41,-111.52
2021-04-05T12:23:35.938,0.97393,-0.12077,0.01704,217.65,131.88,-111.55
2021-04-05T12:23:36.000,0.97291,-0.11776,0.01998,217.65,133.64,-111.54
2021-04-05T12:23:36.063,0.97391,-0.11878,0.01701,216.81,132.78,-108.80
2021-04-05T12:23:36.125,0.97388,-0.11578,0.01698,216.82,136.31,-109.68
2021-04-05T12:23:36.188,0.97292,-0.11877,0.01801,216.81,133.63,-112.45
2021-04-05T12:23:36.250,0.97389,-0.11775,0.01998,218.48,134.53,-111.53
2021-04-05T12:23:36.313,0.97587,-0.11777,0.01700,218.48,134.52,-112.44
2021-04-05T12:23:36.375,0.97589,-0.11877,0.01702,215.98,134.53,-111.53
2021-04-05T12:23:36.438,0.97490,-0.11877,0.01702,216.81,132.75,-112.46
2021-04-05T12:23:36.500,0.97489,-0.11776,0.01800,217.65,137.18,-111.50
2021-04-05T12:23:36.563,0.97585,-0.11673,0.02096,218.49,137.19,-110.59
2021-04-05T12:23:36.625,0.97290,-0.11679,0.01600,217.65,134.53,-111.53
2021-04-05T12:23:36.688,0.97686,-0.11775,0.01800,216.81,133.66,-109.71
2021-04-05T12:23:36.750,0.97786,-0.11874,0.01900,217.65,132.76,-111.55
2021-04-05T12:23:36.813,0.97486,-0.11576,0.01896,218.48,134.53,-111.53
2021-04-05T12:23:36.875,0.97488,-0.11678,0.01600,216.81,133.63,-113.37
2021-04-05T12:23:36.938,0.97195,-0.11980,0.01504,216.81,132.76,-111.55
2021-04-05T12:23:37.000,0.97585,-0.11672,0.02195,220.15,134.52,-112.44
2021-04-05T12:23:37.063,0.97191,-0.11678,0.01798,217.65,134.55,-108.79
2021-04-05T12:23:37.125,0.97391,-0.11876,0.01900,217.65,133.66,-109.71
2021-04-05T12:23:37.188,0.97091,-0.11579,0.01797,217.65,135.40,-113.35
2021-04-05T12:23:37.250,0.97290,-0.11678,0.01798,217.65,131.88,-111.55
2021-04-05T12:23:37.313,0.97094,-0.11779,0.01799,217.65,134.54,-110.61
2021-04-05T12:23:37.375,0.96994,-0.11679,0.01798,217.65,134.54,-110.61
2021-04-05T12:23:37.438,0.97193,-0.11878,0.01801,215.98,133.64,-111.54
2021-04-05T12:23:37.500,0.97392,-0.11976,0.01901,215.15,135.41,-111.52
2021-04-05T12:23:37.563,0.97687,-0.11874,0.01900,216.81,132.76,-111.55
2021-04-05T12:23:37.625,0.97388,-0.11676,0.01897,215.98,132.75,-112.46
2021-04-05T12:23:37.688,0.97587,-0.11773,0.02097,219.32,132.76,-111.55
2021-04-05T12:23:37.750,0.97196,-0.12078,0.01803,217.65,133.66,-109.71
2021-04-05T12:23:37.813,0.97489,-0.11776,0.01800,216.82,135.39,-114.26
2021-04-05T12:23:37.875,0.97390,-0.11779,0.01601,218.48,135.42,-110.61
2021-04-05T12:23:37.938,0.97290,-0.11677,0.01897,216.81,132.72,-115.20
2021-04-05T12:23:38.000,0.97291,-0.11777,0.01899,215.98,131.87,-111.55
2021-04-05T12:23:38.063,0.97488,-0.11677,0.01699,215.98,132.75,-112.46
2021-04-05T12:23:38.125,0.97092,-0.11677,0.01996,217.65,135.44,-108.78
2021-04-05T12:23:38.188,0.97390,-0.11776,0.01899,218.49,137.18,-111.50
2021-04-05T12:23:38.250,0.97387,-0.11576,0.01896,219.32,132.77,-110.63
2021-04-05T12:23:38.313,0.97789,-0.12174,0.01805,220.15,134.53,-111.53
2021-04-05T12:23:38.375,0.97386,-0.11476,0.01895,220.15,133.65,-111.54
2021-04-05T12:23:38.438,0.97292,-0.11780,0.01502,218.48,133.63,-113.37
2021-04-05T12:23:38.500,0.97589,-0.11878,0.01602,217.65,134.56,-107.87
2021-04-05T12:23:38.563,0.97786,-0.11875,0.01801,216.82,135.41,-111.52
2021-04-05T12:23:38.625,0.97587,-0.11774,0.01998,218.49,135.41,-112.44
2021-04-05T12:23:38.688,0.97586,-0.11674,0.01997,216.81,134.53,-111.53
2021-04-05T12:23:38.750,0.97586,-0.11677,0.01699,220.98,131.91,-108.81
2021-04-05T12:23:38.813,0.97292,-0.11878,0.01701,218.48,133.65,-110.62
2021-04-05T12:23:38.875,0.97290,-0.11679,0.01699,215.98,136.31,-109.68
2021-04-05T12:23:38.938,0.97489,-0.11776,0.01800,219.32,133.67,-108.80
2021-04-05T12:23:39.000,0.97392,-0.11978,0.01603,215.98,134.53,-111.53
2021-04-05T12:23:39.063,0.97387,-0.11576,0.01896,217.65,133.64,-111.54
2021-04-05T12:23:39.125,0.96995,-0.11778,0.01898,219.32,133.65,-111.54
2021-04-05T12:23:39.188,0.97489,-0.11777,0.01700,219.32,134.54,-110.62
2021-04-05T12:23:39.250,0.97193,-0.11876,0.01999,215.14,132.76,-111.54
2021-04-05T12:23:39.313,0.97293,-0.11976,0.01901,218.48,133.64,-112.45
2021-04-05T12:23:39.375,0.97585,-0.11575,0.01896,215.98,131.88,-110.64
2021-04-05T12:23:39.438,0.97488,-0.11776,0.01899,216.81,134.53,-111.53
2021-04-05T12:23:39.500,0.97487,-0.11677,0.01798,217.65,134.52,-112.44
2021-04-05T12:23:39.563,0.97192,-0.11776,0.01998,215.98,134.53,-110.61
2021-04-05T12:23:39.625,0.97194,-0.11881,0.01503,218.48,131.88,-111.55
2021-04-05T12:23:39.688,0.97388,-0.11676,0.01897,220.15,135.43,-109.69
2021-04-05T12:23:39.750,0.97387,-0.11575,0.01995,215.98,135.42,-110.61
2021-04-05T12:23:39.813,0.97487,-0.11676,0.01898,218.48,131.88,-111.55
2021-04-05T12:23:39.875,0.97293,-0.11976,0.01901,219.32,133.65,-110.62
2021-04-05T12:23:39.938,0.97583,-0.11474,0.01994,219.32,133.64,-112.45
2021-04-05T12:23:40.000,0.97095,-0.11878,0.01800,216.82,135.40,-112.43
2021-04-05T12:23:40.063,0.97193,-0.11876,0.01999,216.81,134.52,-112.44
2021-04-05T12:23:40.125,0.97684,-0.11577,0.01698,218.48,133.66,-109.71
2021-04-05T12:23:40.188,0.97489,-0.11875,0.01900,219.31,130.98,-112.48
2021-04-05T12:23:40.250,0.97191,-0.11678,0.01798,220.15,135.43,-109.69
2021-04-05T12:23:40.313,0.97488,-0.11776,0.01899,217.65,136.26,-115.17
2021-04-05T12:23:40.375,0.97292,-0.11876,0.01999,217.65,133.64,-111.54
2021-04-05T12:23:40.438,0.97686,-0.11776,0.01700,220.99,132.76,-112.46
2021-04-05T12:23:40.500,0.97684,-0.11673,0.02096,217.65,135.40,-112.43
2021-04-05T12:23:40.563,0.97193,-0.11779,0.01700,217.65,134.52,-112.44
2021-04-05T12:23:40.625,0.97191,-0.11675,0.02096,218.48,131.87,-112.47
2021-04-05T12:23:40.688,0.97487,-0.11675,0.01997,220.15,134.51,-114.27
2021-04-05T12:23:40.750,0.97589,-0.11975,0.01901,219.32,134.53,-111.53
2021-04-05T12:23:40.813,0.97389,-0.11677,0.01798,218.48,134.52,-112.44
2021-04-05T12:23:40.875,0.97096,-0.11977,0.01901,216.81,133.64,-111.54
2021-04-05T12:23:40.938,0.97388,-0.11578,0.01698,219.31,130.98,-112.48
2021-04-05T12:23:41.000,0.97392,-0.11977,0.01802,217.65,134.52,-112.44
2021-04-05T12:23:41.063,0.97491,-0.11976,0.01802,216.81,133.62,-114.28
2021-04-05T12:23:41.125,0.97194,-0.11977,0.01901,220.15,132.77,-110.63
2021-04-05T12:23:41.188,0.97587,-0.11776,0.01800,219.32,133.62,-114.28
2021-04-05T12:23:41.250,0.97586,-0.11677,0.01699,218.48,133.64,-112.45
2021-04-05T12:23:41.313,0.96897,-0.11880,0.01701,217.65,132.74,-113.37
2021-04-05T12:23:41.375,0.97291,-0.11777,0.01799,217.65,133.66,-109.71
2021-04-05T12:23:41.438,0.97193,-0.11878,0.01801,218.48,133.65,-111.54
2021-04-05T12:23:41.500,0.97194,-0.11879,0.01701,218.48,132.78,-109.72
2021-04-05T12:23:41.563,0.97090,-0.11476,0.02093,217.65,135.41,-111.52
2021-04-05T12:23:41.625,0.97095,-0.11878,0.01800,218.48,132.75,-112.46
2021-04-05T12:23:41.688,0.97587,-0.11776,0.01800,220.99,133.67,-109.71
2021-04-05T12:23:41.750,0.97487,-0.11675,0.01997,218.48,134.53,-111.53
2021-04-05T12:23:41.813,0.97290,-0.11677,0.01897,220.15,133.66,-110.62
2021-04-05T12:23:41.875,0.97195,-0.11980,0.01603,216.81,133.63,-112.45
2021-04-05T12:23:41.938,0.97391,-0.11878,0.01701,217.65,133.65,-110.62
2021-04-05T12:23:42.000,0.97490,-0.11877,0.01702,217.64,131.91,-107.90
2021-04-05T12:23:42.063,0.97290,-0.11679,0.01699,218.47,129.24,-109.75
2021-04-05T12:23:42.125,0.97290,-0.11678,0.01798,216.81,131.90,-108.81
2021-04-05T12:23:42.188,0.97586,-0.11676,0.01798,219.32,135.44,-108.78
2021-04-05T12:23:42.250,0.97192,-0.11778,0.01799,220.15,131.87,-112.47
2021-04-05T12:23:42.313,0.97487,-0.11675,0.01997,217.65,131.85,-114.30
2021-04-05T12:23:42.375,0.97390,-0.11777,0.01799,219.32,132.77,-110.63
2021-04-05T12:23:42.438,0.97392,-0.11978,0.01603,218.48,132.79,-108.80
2021-04-05T12:23:42.500,0.97687,-0.11875,0.01801,218.48,134.51,-113.36
2021-04-05T12:23:42.563,0.97194,-0.11881,0.01503,220.99,134.54,-110.62
2021-04-05T12:23:42.625,0.97488,-0.11776,0.01899,215.98,133.65,-110.62
2021-04-05T12:23:42.688,0.97289,-0.11577,0.01896,217.65,134.55,-108.79
2021-04-05T12:23:42.750,0.97587,-0.11776,0.01800,216.81,133.64,-111.54
2021-04-05T12:23:42.813,0.97193,-0.11878,0.01801,218.48,132.78,-109.72
2021-04-05T12:23:42.875,0.97291,-0.11779,0.01601,219.32,133.63,-113.37
2021-04-05T12:23:42.938,0.97390,-0.11778,0.01700,219.32,136.28,-113.34
2021-04-05T12:23:43.000,0.96993,-0.11580,0.01698,217.65,135.41,-111.52
2021-04-05T12:23:43.063,0.97291,-0.11778,0.01700,218.48,132.76,-111.55
2021-04-05T12:23:43.125,0.97392,-0.11977,0.01802,219.32,137.18,-111.51
2021-04-05T12:23:43.188,0.97489,-0.11776,0.01800,218.48,134.55,-109.70
2021-04-05T12:23:43.250,0.97293,-0.11975,0.02000,219.32,135.41,-112.44
2021-04-05T12:23:43.313,0.97390,-0.11779,0.01601,220.16,137.17,-113.33
2021-04-05T12:23:43.375,0.97191,-0.11677,0.01897,217.65,134.54,-109.70
2021-04-05T12:23:43.438,0.97587,-0.11678,0.01600,218.48,133.64,-112.45
2021-04-05T12:23:43.500,0.97588,-0.11874,0.01999,215.98,134.49,-115.18
2021-04-05T12:23:43.563,0.97290,-0.11678,0.01798,219.32,134.54,-110.62
2021-04-05T12:23:43.625,0.97490,-0.11877,0.01702,216.81,133.64,-111.54
2021-04-05T12:23:43.688,0.97388,-0.11577,0.01797,218.48,135.44,-108.78
2021-04-05T12:23:43.750,0.97386,-0.11476,0.01895,219.32,132.77,-110.63
2021-04-05T12:23:43.813,0.96897,-0.11880,0.01701,219.31,130.11,-111.57
2021-04-05T12:23:43.875,0.97391,-0.11876,0.01900,216.81,131.87,-111.55
2021-04-05T12:23:43.938,0.97194,-0.11880,0.01602,215.14,128.35,-109.76
2021-04-05T12:23:44.000,0.97193,-0.11878,0.01801,214.31,133.68,-106.96
2021-04-05T12:23:44.063,0.97095,-0.11879,0.01701,216.81,136.35,-106.03
2021-04-05T12:23:44.125,0.97391,-0.11877,0.01801,220.16,138.03,-116.07
2021-04-05T12:23:44.188,0.97683,-0.11476,0.01796,216.82,135.37,-116.09
2021-04-05T12:23:44.250,0.97391,-0.11877,0.01801,215.98,132.74,-113.37
2021-04-05T12:23:44.313,0.96899,-0.11980,0.01702,216.81,134.52,-112.44
2021-04-05T12:23:44.375,0.97291,-0.11776,0.01998,218.48,131.87,-112.47
2021-04-05T12:23:44.438,0.96799,-0.11977,0.02099,218.49,134.50,-114.27
2021-04-05T12:23:44.500,0.97093,-0.11778,0.01898,218.48,133.62,-114.28
2021-04-05T12:23:44.563,0.97390,-0.11779,0.01601,217.65,133.63,-113.37
2021-04-05T12:23:44.625,0.97486,-0.11576,0.01896,214.31,131.85,-113.38
2021-04-05T12:23:44.688,0.97487,-0.11677,0.01798,215.98,133.63,-112.45
2021-04-05T12:23:44.750,0.97388,-0.11676,0.01897,215.15,134.52,-112.44
2021-04-05T12:23:44.813,0.97684,-0.11577,0.01698,215.98,134.52,-112.44
2021-04-05T12:23:44.875,0.97094,-0.11779,0.01799,215.98,133.63,-112.45
2021-04-05T12:23:44.938,0.97587,-0.11775,0.01899,216.82,135.40,-112.43
