ISO 8601 Time,Roll (degrees),Pitch (degrees),Yaw (degrees)
2021-04-05T12:22:22.000,-81.97,-82.85,27.37
2021-04-05T12:22:22.063,-81.18,-82.73,26.42
2021-04-05T12:22:22.125,-81.91,-82.93,26.66
2021-04-05T12:22:22.188,-81.63,-82.75,26.37
2021-04-05T12:22:22.250,-83.51,-82.68,27.96
2021-04-05T12:22:22.313,-81.12,-82.76,26.67
2021-04-05T12:22:22.375,-83.00,-82.74,28.39
2021-04-05T12:22:22.438,-82.03,-82.76,27.81
2021-04-05T12:22:22.500,-82.03,-82.80,27.39
2021-04-05T12:22:22.563,-83.05,-82.72,28.75
2021-04-05T12:22:22.625,-82.60,-82.69,28.15
2021-04-05T12:22:22.688,-81.11,-82.80,26.14
2021-04-05T12:22:22.750,-81.85,-82.98,27.86
2021-04-05T12:22:22.813,-81.57,-82.79,27.43
2021-04-05T12:22:22.875,-82.38,-82.90,27.54
2021-04-05T12:22:22.938,-81.51,-82.83,27.33
2021-04-05T12:22:23.000,-82.43,-82.88,27.45
2021-04-05T12:22:23.063,-82.03,-82.80,27.63
2021-04-05T12:22:23.125,-82.20,-82.64,28.07
2021-04-05T12:22:23.188,-82.90,-82.86,27.83
2021-04-05T12:22:23.250,-82.03,-82.77,27.33
2021-04-05T12:22:23.313,-80.20,-82.77,25.55
2021-04-05T12:22:23.375,-81.57,-82.79,27.04
2021-04-05T12:22:23.438,-80.52,-82.89,25.63
2021-04-05T12:22:23.500,-82.43,-82.87,28.07
2021-04-05T12:22:23.563,-81.18,-82.74,26.58
2021-04-05T12:22:23.625,-82.03,-82.80,27.72
2021-04-05T12:22:23.688,-81.97,-82.83,26.78
2021-04-05T12:22:23.750,-81.57,-82.80,27.23
2021-04-05T12:22:23.813,-82.49,-82.80,26.99
2021-04-05T12:22:23.875,-81.51,-82.86,26.84
2021-04-05T12:22:23.938,-82.31,-82.54,27.59
2021-04-05T12:22:24.000,-81.05,-82.86,26.94
2021-04-05T12:22:24.063,-83.00,-82.75,28.14
2021-04-05T12:22:24.125,-81.05,-82.85,26.30
2021-04-05T12:22:24.188,-82.55,-82.72,27.81
2021-04-05T12:22:24.250,-82.54,-82.75,27.83
2021-04-05T12:22:24.313,-81.97,-82.87,26.11
2021-04-05T12:22:24.375,-82.38,-82.93,27.39
2021-04-05T12:22:24.438,-81.97,-82.86,26.52
2021-04-05T12:22:24.500,-81.05,-82.83,26.26
2021-04-05T12:22:24.563,-81.97,-82.83,26.81
2021-04-05T12:22:24.625,-82.03,-82.79,26.66
2021-04-05T12:22:24.688,-81.57,-82.79,25.67
2021-04-05T12:22:24.750,-81.18,-82.72,24.39
2021-04-05T12:22:24.813,-81.57,-82.81,24.94
2021-04-05T12:22:24.875,-82.43,-82.85,24.92
2021-04-05T12:22:24.938,-81.45,-82.89,24.85
2021-04-05T12:22:25.000,-81.11,-82.79,24.75
2021-04-05T12:22:25.063,-82.09,-82.74,24.98
2021-04-05T12:22:25.125,-81.51,-82.82,25.54
2021-04-05T12:22:25.188,-83.05,-82.72,27.47
2021-04-05T12:22:25.250,-82.03,-82.79,26.99
2021-04-05T12:22:25.313,-81.57,-82.80,26.37
2021-04-05T12:22:25.375,-82.65,-82.67,27.55
2021-04-05T12:22:25.438,-81.45,-82.89,27.41
2021-04-05T12:22:25.500,-82.15,-82.66,27.55
2021-04-05T12:22:25.563,-82.49,-82.80,27.35
2021-04-05T12:22:25.625,-81.91,-82.91,26.56
2021-04-05T12:22:25.688,-81.97,-82.87,27.08
2021-04-05T12:22:25.750,-82.54,-82.75,26.55
2021-04-05T12:22:25.813,-81.63,-82.72,26.43
2021-04-05T12:22:25.875,-80.98,-82.89,24.83
2021-04-05T12:22:25.938,-82.43,-82.86,27.80
2021-04-05T12:22:26.000,-81.12,-82.78,25.91
2021-04-05T12:22:26.063,-81.91,-82.93,27.09
2021-04-05T12:22:26.125,-82.09,-82.73,26.17
2021-04-05T12:22:26.188,-81.12,-82.77,25.91
2021-04-05T12:22:26.250,-80.84,-83.02,25.59
2021-04-05T12:22:26.313,-81.25,-82.65,24.82
2021-04-05T12:22:26.375,-82.55,-82.72,26.86
2021-04-05T12:22:26.438,-82.09,-82.76,26.50
2021-04-05T12:22:26.500,-83.46,-82.76,27.06
2021-04-05T12:22:26.563,-82.15,-82.69,26.20
2021-04-05T12:22:26.625,-81.91,-82.90,25.87
2021-04-05T12:22:26.688,-81.51,-82.85,26.01
2021-04-05T12:22:26.750,-81.57,-82.79,26.60
2021-04-05T12:22:26.813,-80.98,-82.90,25.82
2021-04-05T12:22:26.875,-82.03,-82.80,26.84
2021-04-05T12:22:26.938,-81.57,-82.82,25.86
2021-04-05T12:22:27.000,-81.51,-82.87,25.98
2021-04-05T12:22:27.063,-82.15,-82.67,26.52
2021-04-05T12:22:27.125,-82.03,-82.80,25.91
2021-04-05T12:22:27.188,-81.63,-82.76,26.81
2021-04-05T12:22:27.250,-82.15,-82.68,26.75
2021-04-05T12:22:27.313,-82.49,-82.83,26.65
2021-04-05T12:22:27.375,-81.05,-82.85,25.62
2021-04-05T12:22:27.438,-83.00,-82.74,27.46
2021-04-05T12:22:27.500,-80.73,-82.71,24.97
2021-04-05T12:22:27.563,-82.70,-82.57,26.93
2021-04-05T12:22:27.625,-80.52,-82.91,24.88
2021-04-05T12:22:27.688,-80.98,-82.90,24.65
2021-04-05T12:22:27.750,-82.55,-82.72,26.17
2021-04-05T12:22:27.813,-82.90,-82.85,27.77
2021-04-05T12:22:27.875,-82.70,-82.57,26.36
2021-04-05T12:22:27.938,-81.97,-82.82,26.46
2021-04-05T12:22:28.000,-82.09,-82.75,25.66
2021-04-05T12:22:28.063,-81.51,-82.82,25.69
2021-04-05T12:22:28.125,-81.44,-82.91,25.30
2021-04-05T12:22:28.188,-82.54,-82.75,25.13
2021-04-05T12:22:28.250,-80.84,-83.05,23.91
2021-04-05T12:22:28.313,-82.55,-82.73,25.99
2021-04-05T12:22:28.375,-82.03,-82.83,26.50
2021-04-05T12:22:28.438,-81.91,-82.92,25.91
2021-04-05T12:22:28.500,-82.73,-83.06,27.29
2021-04-05T12:22:28.563,-81.44,-82.91,25.43
2021-04-05T12:22:28.625,-81.05,-82.85,24.76
2021-04-05T12:22:28.688,-82.03,-82.80,26.62
2021-04-05T12:22:28.750,-81.97,-82.85,26.37
2021-04-05T12:22:28.813,-82.03,-82.80,27.23
2021-04-05T12:22:28.875,-82.54,-82.74,27.54
2021-04-05T12:22:28.938,-82.03,-82.76,26.75
2021-04-05T12:22:29.000,-81.51,-82.85,27.29
2021-04-05T12:22:29.063,-82.09,-82.72,26.94
2021-04-05T12:22:29.125,-82.79,-82.98,28.58
2021-04-05T12:22:29.188,-81.97,-82.87,28.72
2021-04-05T12:22:29.250,-82.03,-82.81,27.57
2021-04-05T12:22:29.313,-81.05,-82.85,26.85
2021-04-05T12:22:29.375,-80.77,-83.06,27.67
2021-04-05T12:22:29.438,-82.32,-82.98,29.06
2021-04-05T12:22:29.500,-81.05,-82.86,27.85
2021-04-05T12:22:29.563,-81.57,-82.80,27.86
2021-04-05T12:22:29.625,-82.43,-82.85,28.93
2021-04-05T12:22:29.688,-82.49,-82.80,29.46
2021-04-05T12:22:29.750,-82.20,-82.66,27.45
2021-04-05T12:22:29.813,-82.09,-82.76,27.68
2021-04-05T12:22:29.875,-81.70,-82.64,26.80
2021-04-05T12:22:29.938,-81.57,-82.77,25.80
2021-04-05T12:22:30.000,-82.60,-82.69,26.80
2021-04-05T12:22:30.063,-81.97,-82.85,25.34
2021-04-05T12:22:30.125,-81.91,-82.91,26.28
2021-04-05T12:22:30.188,-81.97,-82.84,27.04
2021-04-05T12:22:30.250,-80.66,-82.79,24.80
2021-04-05T12:22:30.313,-83.00,-82.75,26.34
2021-04-05T12:22:30.375,-81.57,-82.77,25.25
2021-04-05T12:22:30.438,-81.24,-82.68,25.62
2021-04-05T12:22:30.500,-80.80,-82.67,25.05
2021-04-05T12:22:30.563,-81.91,-82.95,25.99
2021-04-05T12:22:30.625,-81.05,-82.82,26.26
2021-04-05T12:22:30.688,-81.18,-82.74,26.08
2021-04-05T12:22:30.750,-82.03,-82.80,25.18
2021-04-05T12:22:30.813,-82.44,-82.83,26.42
2021-04-05T12:22:30.875,-82.14,-82.70,26.26
2021-04-05T12:22:30.938,-81.51,-82.85,24.71
2021-04-05T12:22:31.000,-81.25,-82.66,25.46
2021-04-05T12:22:31.063,-81.97,-82.84,25.16
2021-04-05T12:22:31.125,-81.51,-82.85,25.06
2021-04-05T12:22:31.188,-81.57,-82.80,25.40
2021-04-05T12:22:31.250,-81.38,-82.98,25.45
2021-04-05T12:22:31.313,-82.09,-82.75,25.44
2021-04-05T12:22:31.375,-81.51,-82.85,25.42
2021-04-05T12:22:31.438,-81.91,-82.90,26.77
2021-04-05T12:22:31.500,-81.05,-82.88,24.94
2021-04-05T12:22:31.563,-81.76,-82.59,26.03
2021-04-05T12:22:31.625,-81.97,-82.89,28.05
2021-04-05T12:22:31.688,-81.51,-82.83,26.36
2021-04-05T12:22:31.750,-82.49,-82.79,27.98
2021-04-05T12:22:31.813,-81.05,-82.82,26.73
2021-04-05T12:22:31.875,-82.49,-82.78,27.84
2021-04-05T12:22:31.938,-81.51,-82.85,26.78
2021-04-05T12:22:32.000,-81.57,-82.77,25.57
2021-04-05T12:22:32.063,-81.24,-82.69,25.35
2021-04-05T12:22:32.125,-82.09,-82.75,24.85
2021-04-05T12:22:32.188,-81.97,-82.85,23.95
2021-04-05T12:22:32.250,-82.54,-82.75,25.86
2021-04-05T12:22:32.313,-81.63,-82.74,26.53
2021-04-05T12:22:32.375,-82.03,-82.82,26.85
2021-04-05T12:22:32.438,-81.97,-82.89,26.74
2021-04-05T12:22:32.500,-82.54,-82.74,26.95
2021-04-05T12:22:32.563,-82.38,-82.93,26.08
2021-04-05T12:22:32.625,-81.70,-82.67,25.23
2021-04-05T12:22:32.688,-81.63,-82.74,24.19
2021-04-05T12:22:32.750,-81.51,-82.84,24.48
2021-04-05T12:22:32.813,-81.05,-82.85,24.50
2021-04-05T12:22:32.875,-81.12,-82.77,24.41
2021-04-05T12:22:32.938,-82.90,-82.88,31.16
2021-04-05T12:22:33.000,-80.98,-82.95,26.09
2021-04-05T12:22:33.063,-81.38,-82.95,25.38
2021-04-05T12:22:33.125,-82.65,-82.61,28.59
2021-04-05T12:22:33.188,-82.03,-82.80,29.30
2021-04-05T12:22:33.250,-82.60,-82.69,32.75
2021-04-05T12:22:33.313,-81.57,-82.80,31.43
2021-04-05T12:22:33.375,-81.97,-82.85,29.68
2021-04-05T12:22:33.438,-80.52,-82.91,25.02
2021-04-05T12:22:33.500,-81.63,-82.76,25.04
2021-04-05T12:22:33.563,-81.11,-82.80,28.04
2021-04-05T12:22:33.625,-82.60,-82.69,34.11
2021-04-05T12:22:33.688,-80.59,-82.85,30.82
2021-04-05T12:22:33.750,-81.91,-82.90,32.16
2021-04-05T12:22:33.813,-81.38,-82.95,26.96
2021-04-05T12:22:33.875,-80.59,-82.83,25.34
2021-04-05T12:22:33.938,-81.18,-82.72,26.32
2021-04-05T12:22:34.000,-82.15,-82.67,26.22
2021-04-05T12:22:34.063,-81.97,-82.85,26.51
2021-04-05T12:22:34.125,-81.51,-82.84,27.53
2021-04-05T12:22:34.188,-81.70,-82.67,30.41
2021-04-05T12:22:34.250,-81.38,-82.95,27.77
2021-04-05T12:22:34.313,-80.66,-82.81,25.13
2021-04-05T12:22:34.375,-82.49,-82.80,26.20
2021-04-05T12:22:34.438,-82.09,-82.73,24.98
2021-04-05T12:22:34.500,-81.57,-82.82,24.05
2021-04-05T12:22:34.563,-82.60,-82.70,25.11
2021-04-05T12:22:34.625,-81.44,-82.92,24.31
2021-04-05T12:22:34.688,-80.98,-82.90,24.46
2021-04-05T12:22:34.750,-82.14,-82.73,26.12
2021-04-05T12:22:34.813,-81.97,-82.86,25.80
2021-04-05T12:22:34.875,-81.97,-82.86,25.55
2021-04-05T12:22:34.938,-81.44,-82.93,25.52
2021-04-05T12:22:35.000,-80.98,-82.89,24.41
2021-04-05T12:22:35.063,-81.97,-82.85,25.40
2021-04-05T12:22:35.125,-81.57,-82.78,25.82
2021-04-05T12:22:35.188,-82.70,-82.58,26.18
2021-04-05T12:22:35.250,-82.43,-82.89,25.90
2021-04-05T12:22:35.313,-82.95,-82.78,26.42
2021-04-05T12:22:35.375,-81.31,-82.62,24.84
2021-04-05T12:22:35.438,-82.49,-82.83,25.72
2021-04-05T12:22:35.500,-82.38,-82.91,25.63
2021-04-05T12:22:35.563,-82.03,-82.80,25.29
2021-04-05T12:22:35.625,-80.98,-82.92,25.57
2021-04-05T12:22:35.688,-80.66,-82.78,24.54
2021-04-05T12:22:35.750,-82.03,-82.79,25.26
2021-04-05T12:22:35.813,-83.31,-82.92,27.16
2021-04-05T12:22:35.875,-81.51,-82.85,25.25
2021-04-05T12:22:35.938,-82.03,-82.80,25.16
2021-04-05T12:22:36.000,-80.66,-82.76,24.09
2021-04-05T12:22:36.063,-81.51,-82.82,25.25
2021-04-05T12:22:36.125,-80.73,-82.68,23.95
2021-04-05T12:22:36.188,-81.57,-82.79,27.95
2021-04-05T12:22:36.250,-80.45,-82.94,26.08
2021-04-05T12:22:36.313,-82.09,-82.75,26.22
2021-04-05T12:22:36.375,-81.97,-82.87,26.16
2021-04-05T12:22:36.438,-81.11,-82.79,24.79
2021-04-05T12:22:36.500,-81.12,-82.78,25.45
2021-04-05T12:22:36.563,-82.49,-82.80,26.68
2021-04-05T12:22:36.625,-80.98,-82.91,25.61
2021-04-05T12:22:36.688,-82.49,-82.84,26.38
2021-04-05T12:22:36.750,-81.12,-82.77,25.40
2021-04-05T12:22:36.813,-82.38,-82.93,25.66
2021-04-05T12:22:36.875,-82.15,-82.67,25.67
2021-04-05T12:22:36.938,-80.98,-82.87,24.66
2021-04-05T12:22:37.000,-81.57,-82.81,26.01
2021-04-05T12:22:37.063,-80.98,-82.89,25.12
2021-04-05T12:22:37.125,-82.89,-82.89,27.51
2021-04-05T12:22:37.188,-81.05,-82.84,25.68
2021-04-05T12:22:37.250,-82.49,-82.79,26.72
2021-04-05T12:22:37.313,-81.51,-82.85,25.62
2021-04-05T12:22:37.375,-81.57,-82.79,25.88
2021-04-05T12:22:37.438,-82.43,-82.85,25.70
2021-04-05T12:22:37.500,-81.51,-82.88,25.69
2021-04-05T12:22:37.563,-82.60,-82.68,27.03
2021-04-05T12:22:37.625,-81.57,-82.78,25.92
2021-04-05T12:22:37.688,-82.03,-82.77,25.60
2021-04-05T12:22:37.750,-80.98,-82.87,25.14
2021-04-05T12:22:37.813,-81.05,-82.82,24.95
2021-04-05T12:22:37.875,-80.59,-82.84,24.18
2021-04-05T12:22:37.938,-81.38,-82.98,25.63
2021-04-05T12:22:38.000,-81.97,-82.85,25.69
2021-04-05T12:22:38.063,-81.44,-82.92,24.74
2021-04-05T12:22:38.125,-82.43,-82.88,26.97
2021-04-05T12:22:38.188,-81.64,-82.72,26.69
2021-04-05T12:22:38.250,-82.09,-82.74,25.55
2021-04-05T12:22:38.313,-80.06,-82.86,24.40
2021-04-05T12:22:38.375,-81.51,-82.82,26.34
2021-04-05T12:22:38.438,-82.03,-82.77,26.67
2021-04-05T12:22:38.500,-81.51,-82.85,25.25
2021-04-05T12:22:38.563,-81.51,-82.84,26.02
2021-04-05T12:22:38.625,-82.37,-82.95,25.95
2021-04-05T12:22:38.688,-81.51,-82.85,25.50
2021-04-05T12:22:38.750,-82.03,-82.80,26.32
2021-04-05T12:22:38.813,-81.63,-82.73,24.98
2021-04-05T12:22:38.875,-83.00,-82.77,27.38
2021-04-05T12:22:38.938,-82.09,-82.73,26.27
2021-04-05T12:22:39.000,-81.18,-82.70,24.71
2021-04-05T12:22:39.063,-82.65,-82.64,27.38
2021-04-05T12:22:39.125,-81.05,-82.79,25.47
2021-04-05T12:22:39.188,-82.15,-82.66,26.08
2021-04-05T12:22:39.250,-81.57,-82.79,25.71
2021-04-05T12:22:39.313,-82.09,-82.73,24.67
2021-04-05T12:22:39.375,-82.15,-82.68,24.81
2021-04-05T12:22:39.438,-81.05,-82.85,24.59
2021-04-05T12:22:39.500,-81.97,-82.85,25.70
2021-04-05T12:22:39.563,-82.09,-82.76,25.57
2021-04-05T12:22:39.625,-80.73,-82.73,24.61
2021-04-05T12:22:39.688,-81.51,-82.82,24.97
2021-04-05T12:22:39.750,-81.12,-82.77,25.51
2021-04-05T12:22:39.813,-83.05,-82.65,26.23
2021-04-05T12:22:39.875,-82.60,-82.70,26.62
2021-04-05T12:22:39.938,-82.95,-82.80,27.24
2021-04-05T12:22:40.000,-81.57,-82.77,25.16
2021-04-05T12:22:40.063,-81.97,-82.86,25.50
2021-04-05T12:22:40.125,-82.09,-82.75,25.68
2021-04-05T12:22:40.188,-81.57,-82.78,25.36
2021-04-05T12:22:40.250,-81.05,-82.82,24.34
2021-04-05T12:22:40.313,-80.45,-82.93,24.82
2021-04-05T12:22:40.375,-81.45,-82.90,25.67
2021-04-05T12:22:40.438,-81.25,-82.64,25.78
2021-04-05T12:22:40.500,-80.98,-82.88,25.86
2021-04-05T12:22:40.563,-81.05,-82.85,26.59
2021-04-05T12:22:40.625,-82.49,-82.80,25.41
2021-04-05T12:22:40.688,-81.45,-82.90,22.59
2021-04-05T12:22:40.750,-82.54,-82.77,24.29
2021-04-05T12:22:40.813,-81.51,-82.86,23.27
2021-04-05T12:22:40.875,-81.76,-82.62,23.05
2021-04-05T12:22:40.938,-81.05,-82.85,22.70
2021-04-05T12:22:41.000,-81.63,-82.73,22.07
2021-04-05T12:22:41.063,-81.97,-82.86,23.29
2021-04-05T12:22:41.125,-82.54,-82.75,22.64
2021-04-05T12:22:41.188,-81.05,-82.83,21.20
2021-04-05T12:22:41.250,-82.09,-82.75,20.75
2021-04-05T12:22:41.313,-82.49,-82.80,21.63
2021-04-05T12:22:41.375,-81.12,-82.77,20.40
2021-04-05T12:22:41.438,-81.57,-82.80,21.01
2021-04-05T12:22:41.500,-81.64,-82.68,21.25
2021-04-05T12:22:41.563,-80.44,-82.95,20.48
2021-04-05T12:22:41.625,-82.03,-82.83,20.14
2021-04-05T12:22:41.688,-82.96,-81.72,19.89
2021-04-05T12:22:41.750,-83.68,-81.23,21.70
2021-04-05T12:22:41.813,-83.14,-82.06,20.22
2021-04-05T12:22:41.875,-81.93,-82.45,20.61
2021-04-05T12:22:41.938,-81.85,-82.98,20.34
2021-04-05T12:22:42.000,-80.73,-82.74,19.86
2021-04-05T12:22:42.063,-81.57,-82.79,20.80
2021-04-05T12:22:42.125,-82.03,-82.80,20.57
2021-04-05T12:22:42.188,-83.41,-82.82,21.78
2021-04-05T12:22:42.250,-81.11,-82.79,19.65
2021-04-05T12:22:42.313,-81.51,-82.83,19.66
2021-04-05T12:22:42.375,-81.44,-82.93,19.17
2021-04-05T12:22:42.438,-81.57,-82.82,18.70
2021-04-05T12:22:42.500,-82.54,-82.75,20.06
2021-04-05T12:22:42.563,-81.11,-82.80,19.59
2021-04-05T12:22:42.625,-82.03,-82.78,20.53
2021-04-05T12:22:42.688,-81.12,-82.77,18.92
2021-04-05T12:22:42.750,-81.57,-82.82,20.36
2021-04-05T12:22:42.813,-82.43,-82.85,20.94
2021-04-05T12:22:42.875,-82.54,-82.75,20.91
2021-04-05T12:22:42.938,-81.51,-82.83,18.89
2021-04-05T12:22:43.000,-81.24,-82.67,19.73
2021-04-05T12:22:43.063,-81.57,-82.79,20.59
2021-04-05T12:22:43.125,-80.52,-82.88,18.71
2021-04-05T12:22:43.188,-81.63,-82.75,21.01
2021-04-05T12:22:43.250,-80.13,-82.85,19.70
2021-04-05T12:22:43.313,-80.98,-82.89,19.77
2021-04-05T12:22:43.375,-82.54,-82.75,21.31
2021-04-05T12:22:43.438,-82.31,-82.51,21.80
2021-04-05T12:22:43.500,-82.09,-82.73,21.77
2021-04-05T12:22:43.563,-83.41,-82.80,22.33
2021-04-05T12:22:43.625,-81.97,-82.85,19.62
2021-04-05T12:22:43.688,-82.95,-82.81,21.69
2021-04-05T12:22:43.750,-82.03,-82.79,22.01
2021-04-05T12:22:43.813,-82.03,-82.80,22.45
2021-04-05T12:22:43.875,-81.11,-82.80,21.46
2021-04-05T12:22:43.938,-81.51,-82.84,21.09
2021-04-05T12:22:44.000,-83.00,-82.75,22.69
2021-04-05T12:22:44.063,-81.51,-82.85,20.83
2021-04-05T12:22:44.125,-82.03,-82.79,21.71
2021-04-05T12:22:44.188,-82.54,-82.78,22.97
2021-04-05T12:22:44.250,-81.91,-82.88,22.44
2021-04-05T12:22:44.313,-80.98,-82.88,22.19
2021-04-05T12:22:44.375,-81.45,-82.90,22.40
2021-04-05T12:22:44.438,-81.05,-82.85,21.09
2021-04-05T12:22:44.500,-81.97,-82.85,22.02
2021-04-05T12:22:44.563,-81.51,-82.85,22.53
2021-04-05T12:22:44.625,-82.54,-82.77,23.26
2021-04-05T12:22:44.688,-82.38,-82.93,22.59
2021-04-05T12:22:44.750,-81.44,-82.90,21.35
2021-04-05T12:22:44.813,-81.91,-82.93,22.07
2021-04-05T12:22:44.875,-81.38,-82.94,21.26
2021-04-05T12:22:44.938,-82.03,-82.83,21.64
2021-04-05T12:22:45.000,-81.18,-83.15,20.75
2021-04-05T12:22:45.063,-82.48,-82.31,20.58
2021-04-05T12:22:45.125,-29.39,-85.90,-29.42
2021-04-05T12:22:45.188,-89.81,-77.82,22.99
2021-04-05T12:22:45.250,-76.40,-76.27,6.23
2021-04-05T12:22:45.313,3.13,-82.48,-72.33
2021-04-05T12:22:45.375,-33.16,-74.40,-44.53
2021-04-05T12:22:45.438,-3.92,-64.54,-69.97
2021-04-05T12:22:45.500,-13.24,-52.43,-63.61
2021-04-05T12:22:45.563,-7.32,-46.28,-72.31
2021-04-05T12:22:45.625,0.83,-39.80,-75.55
2021-04-05T12:22:45.688,-12.02,-29.80,-66.36
2021-04-05T12:22:45.750,5.05,-16.85,-66.33
2021-04-05T12:22:45.813,0.81,-13.32,-73.29
2021-04-05T12:22:45.875,13.26,-3.73,-67.88
2021-04-05T12:22:45.938,7.07,-3.77,-75.30
2021-04-05T12:22:46.000,5.97,-1.95,-77.28
2021-04-05T12:22:46.063,2.14,-0.56,-75.38
2021-04-05T12:22:46.125,-0.62,1.71,-72.56
2021-04-05T12:22:46.188,-2.52,0.87,-74.83
2021-04-05T12:22:46.250,1.40,0.37,-74.63
2021-04-05T12:22:46.313,0.34,-2.19,-80.38
2021-04-05T12:22:46.375,-4.57,1.96,-78.20
2021-04-05T12:22:46.438,3.45,1.54,-78.15
2021-04-05T12:22:46.500,-1.19,-1.10,-82.57
2021-04-05T12:22:46.563,-0.87,4.14,-76.32
2021-04-05T12:22:46.625,0.98,3.98,-76.03
2021-04-05T12:22:46.688,-1.93,2.22,-76.12
2021-04-05T12:22:46.750,1.92,-0.40,-78.23
2021-04-05T12:22:46.813,-1.59,1.50,-77.14
2021-04-05T12:22:46.875,-0.18,1.57,-76.78
2021-04-05T12:22:46.938,0.66,2.02,-77.34
2021-04-05T12:22:47.000,0.05,-0.09,-79.28
2021-04-05T12:22:47.063,0.16,1.79,-78.28
2021-04-05T12:22:47.125,0.10,1.08,-79.16
2021-04-05T12:22:47.188,0.10,1.30,-79.48
2021-04-05T12:22:47.250,0.10,1.08,-81.25
2021-04-05T12:22:47.313,0.10,1.13,-86.11
2021-04-05T12:22:47.375,0.21,1.35,-87.61
2021-04-05T12:22:47.438,-0.01,1.24,-82.53
2021-04-05T12:22:47.500,-0.01,1.24,-76.87
2021-04-05T12:22:47.563,0.10,1.24,-74.07
2021-04-05T12:22:47.625,0.04,1.36,-71.20
2021-04-05T12:22:47.688,0.27,1.13,-69.89
2021-04-05T12:22:47.750,0.16,1.02,-72.17
2021-04-05T12:22:47.813,0.05,1.35,-71.92
2021-04-05T12:22:47.875,0.22,1.08,-72.49
2021-04-05T12:22:47.938,-0.07,1.30,-70.18
2021-04-05T12:22:48.000,0.16,1.24,-70.96
2021-04-05T12:22:48.063,0.16,1.13,-72.44
2021-04-05T12:22:48.125,0.05,1.35,-72.35
2021-04-05T12:22:48.188,0.22,1.08,-73.03
2021-04-05T12:22:48.250,0.10,1.13,-72.03
2021-04-05T12:22:48.313,0.21,1.19,-71.69
2021-04-05T12:22:48.375,0.05,1.24,-72.50
2021-04-05T12:22:48.438,0.16,1.30,-71.30
2021-04-05T12:22:48.500,0.27,1.41,-70.90
2021-04-05T12:22:48.563,0.16,1.35,-71.14
2021-04-05T12:22:48.625,0.27,1.19,-72.01
2021-04-05T12:22:48.688,-0.01,1.19,-71.38
2021-04-05T12:22:48.750,0.16,1.30,-71.46
2021-04-05T12:22:48.813,0.10,1.19,-70.87
2021-04-05T12:22:48.875,0.10,1.36,-69.90
2021-04-05T12:22:48.938,0.21,1.41,-70.65
2021-04-05T12:22:49.000,0.10,1.08,-71.40
2021-04-05T12:22:49.063,0.16,1.14,-72.23
2021-04-05T12:22:49.125,-0.01,1.13,-71.26
2021-04-05T12:22:49.188,-0.01,1.13,-71.19
2021-04-05T12:22:49.250,0.16,1.08,-71.45
2021-04-05T12:22:49.313,0.05,1.41,-71.37
2021-04-05T12:22:49.375,0.10,0.85,-71.90
2021-04-05T12:22:49.438,0.05,1.13,-71.59
2021-04-05T12:22:49.500,0.05,1.19,-71.79
2021-04-05T12:22:49.563,0.16,1.19,-72.08
2021-04-05T12:22:49.625,0.10,1.19,-70.87
2021-04-05T12:22:49.688,0.16,1.30,-72.74
2021-04-05T12:22:49.750,-0.01,1.19,-71.09
2021-04-05T12:22:49.813,0.33,1.35,-72.47
2021-04-05T12:22:49.875,0.16,1.24,-70.66
2021-04-05T12:22:49.938,0.05,1.13,-71.61
2021-04-05T12:22:50.000,0.21,1.24,-70.94
2021-04-05T12:22:50.063,0.10,1.19,-71.68
2021-04-05T12:22:50.125,0.10,1.35,-71.42
2021-04-05T12:22:50.188,-0.01,1.35,-71.39
2021-04-05T12:22:50.250,0.10,1.18,-72.20
2021-04-05T12:22:50.313,0.16,1.24,-72.25
2021-04-05T12:22:50.375,0.10,1.19,-72.40
2021-04-05T12:22:50.438,0.10,1.07,-71.30
2021-04-05T12:22:50.500,-0.07,1.30,-72.12
2021-04-05T12:22:50.563,-0.01,1.30,-72.08
2021-04-05T12:22:50.625,-0.07,1.13,-72.29
2021-04-05T12:22:50.688,0.05,1.24,-71.63
2021-04-05T12:22:50.750,0.10,1.46,-71.50
2021-04-05T12:22:50.813,0.05,1.07,-72.04
2021-04-05T12:22:50.875,-0.01,1.18,-71.74
2021-04-05T12:22:50.938,0.16,1.19,-72.18
2021-04-05T12:22:51.000,0.05,1.08,-71.70
2021-04-05T12:22:51.063,0.22,1.08,-72.23
2021-04-05T12:22:51.125,0.33,1.19,-71.35
2021-04-05T12:22:51.188,0.05,1.08,-71.09
2021-04-05T12:22:51.250,0.27,1.24,-71.23
2021-04-05T12:22:51.313,0.10,1.24,-72.65
2021-04-05T12:22:51.375,0.04,1.30,-71.62
2021-04-05T12:22:51.438,0.05,1.24,-71.09
2021-04-05T12:22:51.500,0.10,1.13,-71.22
2021-04-05T12:22:51.563,0.10,1.24,-72.03
2021-04-05T12:22:51.625,0.04,1.35,-71.82
2021-04-05T12:22:51.688,-0.01,1.13,-72.25
2021-04-05T12:22:51.750,0.05,1.24,-72.32
2021-04-05T12:22:51.813,-0.07,1.13,-72.29
2021-04-05T12:22:51.875,0.10,1.19,-71.83
2021-04-05T12:22:51.938,-0.01,1.07,-72.08
2021-04-05T12:22:52.000,0.16,1.19,-71.09
2021-04-05T12:22:52.063,0.04,1.30,-71.44
2021-04-05T12:22:52.125,-0.01,1.07,-72.42
2021-04-05T12:22:52.188,0.10,1.24,-71.13
2021-04-05T12:22:52.250,0.05,1.13,-71.69
2021-04-05T12:22:52.313,0.10,1.08,-71.83
2021-04-05T12:22:52.375,0.10,1.30,-71.44
2021-04-05T12:22:52.438,0.10,1.24,-71.06
2021-04-05T12:22:52.500,0.05,1.24,-71.69
2021-04-05T12:22:52.563,0.10,1.47,-70.80
2021-04-05T12:22:52.625,0.05,1.02,-72.48
2021-04-05T12:22:52.688,0.10,1.30,-72.38
2021-04-05T12:22:52.750,0.16,1.13,-71.73
2021-04-05T12:22:52.813,0.10,1.24,-71.69
2021-04-05T12:22:52.875,0.05,1.13,-71.69
2021-04-05T12:22:52.938,0.05,1.19,-72.51
2021-04-05T12:22:53.000,0.27,1.02,-72.56
2021-04-05T12:22:53.063,0.05,1.35,-71.19
2021-04-05T12:22:53.125,0.05,1.35,-71.91
2021-04-05T12:22:53.188,0.10,1.35,-71.52
2021-04-05T12:22:53.250,-0.01,1.19,-71.82
2021-04-05T12:22:53.313,-0.07,1.24,-71.69
2021-04-05T12:22:53.375,0.10,1.41,-70.56
2021-04-05T12:22:53.438,0.16,1.24,-71.72
2021-04-05T12:22:53.500,0.21,1.41,-71.56
2021-04-05T12:22:53.563,0.10,1.24,-71.15
2021-04-05T12:22:53.625,0.05,1.08,-71.50
2021-04-05T12:22:53.688,-0.01,1.35,-71.67
2021-04-05T12:22:53.750,0.10,1.13,-71.49
2021-04-05T12:22:53.813,0.21,1.30,-71.81
2021-04-05T12:22:53.875,0.21,1.19,-72.16
2021-04-05T12:22:53.938,0.05,1.24,-72.12
2021-04-05T12:22:54.000,0.16,1.35,-70.68
2021-04-05T12:22:54.063,0.10,1.30,-71.24
2021-04-05T12:22:54.125,0.05,1.13,-71.42
2021-04-05T12:22:54.188,0.10,1.13,-71.21
2021-04-05T12:22:54.250,-0.07,1.18,-71.84
2021-04-05T12:22:54.313,0.10,1.30,-71.40
2021-04-05T12:22:54.375,-0.07,1.24,-72.31
2021-04-05T12:22:54.438,0.05,1.30,-71.09
2021-04-05T12:22:54.500,-0.01,1.18,-72.51
2021-04-05T12:22:54.563,0.10,1.02,-71.31
2021-04-05T12:22:54.625,0.16,1.35,-70.86
2021-04-05T12:22:54.688,0.22,1.24,-71.62
2021-04-05T12:22:54.750,0.10,1.24,-72.03
2021-04-05T12:22:54.813,0.10,1.24,-71.76
2021-04-05T12:22:54.875,-0.07,1.02,-72.18
2021-04-05T12:22:54.938,0.10,1.19,-71.95
2021-04-05T12:22:55.000,0.27,1.19,-72.83
2021-04-05T12:22:55.063,0.10,1.30,-71.31
2021-04-05T12:22:55.125,0.21,1.24,-72.06
2021-04-05T12:22:55.188,0.16,1.46,-70.44
2021-04-05T12:22:55.250,0.21,1.35,-71.07
2021-04-05T12:22:55.313,0.16,1.35,-71.92
2021-04-05T12:22:55.375,0.16,1.35,-70.76
2021-04-05T12:22:55.438,0.05,1.24,-72.06
2021-04-05T12:22:55.500,0.10,1.24,-71.27
2021-04-05T12:22:55.563,0.10,1.13,-71.94
2021-04-05T12:22:55.625,0.16,1.46,-70.96
2021-04-05T12:22:55.688,0.04,1.35,-71.17
2021-04-05T12:22:55.750,0.16,1.08,-71.09
2021-04-05T12:22:55.813,0.16,1.24,-71.47
2021-04-05T12:22:55.875,0.16,1.25,-72.09
2021-04-05T12:22:55.938,0.10,1.13,-71.83
2021-04-05T12:22:56.000,0.10,1.41,-71.35
2021-04-05T12:22:56.063,0.16,1.30,-70.95
2021-04-05T12:22:56.125,0.21,1.35,-71.28
2021-04-05T12:22:56.188,0.10,1.35,-71.08
2021-04-05T12:22:56.250,-0.01,1.24,-71.72
2021-04-05T12:22:56.313,0.10,1.19,-71.94
2021-04-05T12:22:56.375,0.10,1.19,-71.12
2021-04-05T12:22:56.438,-0.01,1.08,-71.46
2021-04-05T12:22:56.500,0.04,1.24,-71.68
2021-04-05T12:22:56.563,0.05,1.08,-72.04
2021-04-05T12:22:56.625,0.05,1.13,-71.80
2021-04-05T12:22:56.688,0.10,1.24,-72.12
2021-04-05T12:22:56.750,0.21,1.47,-70.71
2021-04-05T12:22:56.813,0.10,1.19,-71.67
2021-04-05T12:22:56.875,0.27,1.35,-71.06
2021-04-05T12:22:56.938,0.05,1.24,-70.58
2021-04-05T12:22:57.000,0.16,1.08,-72.42
2021-04-05T12:22:57.063,0.16,1.02,-73.04
2021-04-05T12:22:57.125,0.04,1.30,-71.35
2021-04-05T12:22:57.188,0.16,1.24,-71.38
2021-04-05T12:22:57.250,0.05,1.02,-71.76
2021-04-05T12:22:57.313,0.10,1.24,-71.59
2021-04-05T12:22:57.375,0.16,1.30,-71.83
2021-04-05T12:22:57.438,0.05,1.13,-71.88
2021-04-05T12:22:57.500,0.10,1.13,-71.51
2021-04-05T12:22:57.563,0.05,1.35,-72.08
2021-04-05T12:22:57.625,0.05,1.13,-71.42
2021-04-05T12:22:57.688,0.04,1.30,-71.28
2021-04-05T12:22:57.750,0.04,1.41,-71.55
2021-04-05T12:22:57.813,0.16,1.35,-71.04
2021-04-05T12:22:57.875,0.10,1.13,-71.30
2021-04-05T12:22:57.938,0.21,1.36,-71.78
2021-04-05T12:22:58.000,0.21,1.30,-71.08
2021-04-05T12:22:58.063,0.16,1.19,-71.57
2021-04-05T12:22:58.125,0.16,1.19,-71.74
2021-04-05T12:22:58.188,0.10,1.35,-71.18
2021-04-05T12:22:58.250,0.16,1.24,-71.64
2021-04-05T12:22:58.313,0.22,1.08,-71.41
2021-04-05T12:22:58.375,0.04,1.30,-72.08
2021-04-05T12:22:58.438,0.22,1.13,-71.96
2021-04-05T12:22:58.500,0.10,1.13,-72.22
2021-04-05T12:22:58.563,0.16,1.08,-72.00
2021-04-05T12:22:58.625,0.05,1.08,-72.05
2021-04-05T12:22:58.688,-0.01,1.02,-72.25
2021-04-05T12:22:58.750,-0.07,1.19,-71.59
2021-04-05T12:22:58.813,-0.01,1.08,-72.25
2021-04-05T12:22:58.875,0.16,1.30,-71.57
2021-04-05T12:22:58.938,-0.01,1.24,-72.19
2021-04-05T12:22:59.000,0.10,1.24,-71.60
2021-04-05T12:22:59.063,0.10,1.30,-71.61
2021-04-05T12:22:59.125,0.16,1.35,-71.21
2021-04-05T12:22:59.188,0.16,1.08,-71.38
2021-04-05T12:22:59.250,0.21,1.19,-71.07
2021-04-05T12:22:59.313,0.04,1.30,-71.80
2021-04-05T12:22:59.375,0.16,1.41,-71.65
2021-04-05T12:22:59.438,0.10,1.41,-71.46
2021-04-05T12:22:59.500,0.27,1.24,-70.96
2021-04-05T12:22:59.563,0.16,1.30,-71.22
2021-04-05T12:22:59.625,0.05,1.13,-71.62
2021-04-05T12:22:59.688,0.10,1.19,-72.49
2021-04-05T12:22:59.750,-1.53,0.78,-73.22
2021-04-05T12:22:59.813,1.56,1.65,-70.72
2021-04-05T12:22:59.875,0.55,1.90,-71.88
2021-04-05T12:22:59.938,-2.39,0.22,-75.14
2021-04-05T12:23:00.000,2.95,2.92,-68.44
2021-04-05T12:23:00.063,-2.29,2.02,-71.52
2021-04-05T12:23:00.125,2.48,3.10,-65.84
2021-04-05T12:23:00.188,-0.12,3.01,-64.63
2021-04-05T12:23:00.250,-0.79,1.00,-64.23
2021-04-05T12:23:00.313,0.96,-1.68,-60.47
2021-04-05T12:23:00.375,-4.93,-2.65,-58.45
2021-04-05T12:23:00.438,1.17,-12.20,-57.63
2021-04-05T12:23:00.500,-6.10,-17.45,-56.56
2021-04-05T12:23:00.563,-7.12,-29.74,-58.63
2021-04-05T12:23:00.625,-7.33,-38.48,-55.20
2021-04-05T12:23:00.688,-15.04,-51.71,-50.06
2021-04-05T12:23:00.750,4.94,-64.61,-60.32
2021-04-05T12:23:00.813,-41.61,-72.01,-27.08
2021-04-05T12:23:00.875,-37.50,-79.03,-27.81
2021-04-05T12:23:00.938,-28.68,-76.51,-31.20
2021-04-05T12:23:01.000,-15.01,-77.09,-41.23
2021-04-05T12:23:01.063,-31.05,-76.96,-28.20
2021-04-05T12:23:01.125,-38.21,-82.23,-22.26
2021-04-05T12:23:01.188,-66.52,-81.71,3.67
2021-04-05T12:23:01.250,-55.73,-86.07,-4.36
2021-04-05T12:23:01.313,-45.72,-81.25,-12.47
2021-04-05T12:23:01.375,-64.28,-83.15,3.79
2021-04-05T12:23:01.438,-105.61,-76.20,37.00
2021-04-05T12:23:01.500,-79.45,-83.94,18.19
2021-04-05T12:23:01.563,-82.95,-82.30,21.81
2021-04-05T12:23:01.625,-77.69,-84.29,17.43
2021-04-05T12:23:01.688,-85.49,-79.69,22.73
2021-04-05T12:23:01.750,-51.19,-87.41,-5.23
2021-04-05T12:23:01.813,-77.23,-84.28,18.44
2021-04-05T12:23:01.875,-81.50,-82.42,20.60
2021-04-05T12:23:01.938,-82.53,-82.26,21.77
2021-04-05T12:23:02.000,-82.03,-82.83,21.57
2021-04-05T12:23:02.063,-81.11,-83.15,20.89
2021-04-05T12:23:02.125,-80.91,-82.97,20.79
2021-04-05T12:23:02.188,-82.03,-82.80,21.20
2021-04-05T12:23:02.250,-81.97,-82.85,22.10
2021-04-05T12:23:02.313,-82.03,-82.80,21.72
2021-04-05T12:23:02.375,-81.45,-82.89,20.84
2021-04-05T12:23:02.438,-82.09,-82.72,21.24
2021-04-05T12:23:02.500,-81.51,-82.82,21.15
2021-04-05T12:23:02.563,-81.51,-82.85,21.44
2021-04-05T12:23:02.625,-82.03,-82.80,22.55
2021-04-05T12:23:02.688,-81.05,-82.85,20.58
2021-04-05T12:23:02.750,-79.98,-82.95,20.00
2021-04-05T12:23:02.813,-81.51,-82.85,21.23
2021-04-05T12:23:02.875,-81.57,-82.80,20.77
2021-04-05T12:23:02.938,-82.43,-82.85,22.31
2021-04-05T12:23:03.000,-80.52,-82.90,21.38
2021-04-05T12:23:03.063,-81.97,-82.84,20.66
2021-04-05T12:23:03.125,-81.44,-82.92,21.29
2021-04-05T12:23:03.188,-80.14,-83.19,20.68
2021-04-05T12:23:03.250,-80.98,-82.90,20.80
2021-04-05T12:23:03.313,-83.36,-82.89,22.01
2021-04-05T12:23:03.375,-81.51,-82.84,19.74
2021-04-05T12:23:03.438,-81.05,-82.83,19.86
2021-04-05T12:23:03.500,-81.91,-82.93,21.10
2021-04-05T12:23:03.563,-81.64,-82.70,20.90
2021-04-05T12:23:03.625,-81.11,-82.82,20.49
2021-04-05T12:23:03.688,-81.45,-82.88,20.56
2021-04-05T12:23:03.750,-81.51,-82.86,19.85
2021-04-05T12:23:03.813,-82.38,-82.91,21.13
2021-04-05T12:23:03.875,-81.18,-83.12,20.49
2021-04-05T12:23:03.938,-82.44,-82.82,21.28
2021-04-05T12:23:04.000,-81.11,-83.19,20.47
2021-04-05T12:23:04.063,-81.85,-82.95,21.59
2021-04-05T12:23:04.125,-81.44,-82.92,20.57
2021-04-05T12:23:04.188,-81.45,-82.90,21.58
2021-04-05T12:23:04.250,-80.37,-83.02,19.68
2021-04-05T12:23:04.313,-82.03,-82.80,21.55
2021-04-05T12:23:04.375,-81.38,-82.96,20.64
2021-04-05T12:23:04.438,-82.90,-82.85,21.97
2021-04-05T12:23:04.500,-81.51,-82.84,20.24
2021-04-05T12:23:04.563,-82.43,-82.87,21.67
2021-04-05T12:23:04.625,-81.38,-82.98,20.81
2021-04-05T12:23:04.688,-82.03,-82.79,21.64
2021-04-05T12:23:04.750,-81.12,-82.78,21.17
2021-04-05T12:23:04.813,-81.64,-82.69,20.66
2021-04-05T12:23:04.875,-82.38,-82.92,21.90
2021-04-05T12:23:04.938,-80.66,-82.76,20.48
2021-04-05T12:23:05.000,-81.97,-82.84,21.65
2021-04-05T12:23:05.063,-82.14,-82.71,21.45
2021-04-05T12:23:05.125,-81.69,-82.70,21.22
2021-04-05T12:23:05.188,-82.90,-82.87,23.51
2021-04-05T12:23:05.250,-82.03,-82.79,21.28
2021-04-05T12:23:05.313,-82.03,-82.77,21.56
2021-04-05T12:23:05.375,-81.63,-82.72,21.60
2021-04-05T12:23:05.438,-82.09,-82.77,21.59
2021-04-05T12:23:05.500,-81.51,-82.82,20.73
2021-04-05T12:23:05.563,-80.98,-82.90,20.43
2021-04-05T12:23:05.625,-81.57,-82.79,21.55
2021-04-05T12:23:05.688,-82.43,-82.87,22.03
2021-04-05T12:23:05.750,-80.98,-82.90,20.40
2021-04-05T12:23:05.813,-82.03,-82.81,22.29
2021-04-05T12:23:05.875,-81.51,-82.80,21.50
2021-04-05T12:23:05.938,-80.44,-82.97,20.12
2021-04-05T12:23:06.000,-80.45,-82.91,20.73
2021-04-05T12:23:06.063,-81.57,-82.80,21.12
2021-04-05T12:23:06.125,-81.45,-82.90,21.20
2021-04-05T12:23:06.188,-82.95,-82.80,22.83
2021-04-05T12:23:06.250,-83.05,-82.73,22.92
2021-04-05T12:23:06.313,-82.03,-82.75,21.81
2021-04-05T12:23:06.375,-81.57,-82.80,20.65
2021-04-05T12:23:06.438,-80.52,-82.89,20.67
2021-04-05T12:23:06.500,-82.49,-82.82,21.70
2021-04-05T12:23:06.563,-82.09,-82.72,21.84
2021-04-05T12:23:06.625,-80.59,-82.84,19.17
2021-04-05T12:23:06.688,-81.44,-82.93,21.08
2021-04-05T12:23:06.750,-80.37,-83.03,20.34
2021-04-05T12:23:06.813,-82.15,-82.68,21.22
2021-04-05T12:23:06.875,-82.03,-82.77,21.42
2021-04-05T12:23:06.938,-81.57,-82.79,21.79
2021-04-05T12:23:07.000,-82.49,-82.82,22.07
2021-04-05T12:23:07.063,-82.09,-82.72,22.05
2021-04-05T12:23:07.125,-81.97,-82.86,21.30
2021-04-05T12:23:07.188,-82.09,-82.72,21.32
2021-04-05T12:23:07.250,-80.66,-82.75,19.71
2021-04-05T12:23:07.313,-81.38,-82.97,21.00
2021-04-05T12:23:07.375,-82.49,-82.82,21.34
2021-04-05T12:23:07.438,-80.13,-82.84,20.03
2021-04-05T12:23:07.500,-83.00,-82.76,22.49
2021-04-05T12:23:07.563,-81.63,-82.73,20.95
2021-04-05T12:23:07.625,-81.05,-82.82,20.96
2021-04-05T12:23:07.688,-82.49,-82.77,21.93
2021-04-05T12:23:07.750,-81.79,-83.03,21.03
2021-04-05T12:23:07.813,-81.38,-82.96,20.96
2021-04-05T12:23:07.875,-82.03,-82.80,21.90
2021-04-05T12:23:07.938,-81.57,-82.81,21.77
2021-04-05T12:23:08.000,-80.06,-82.86,19.73
2021-04-05T12:23:08.063,-81.97,-82.86,22.38
2021-04-05T12:23:08.125,-82.55,-82.73,22.39
2021-04-05T12:23:08.188,-81.57,-82.80,21.29
2021-04-05T12:23:08.250,-80.98,-82.90,20.40
2021-04-05T12:23:08.313,-81.05,-82.84,20.61
2021-04-05T12:23:08.375,-81.91,-82.90,22.17
2021-04-05T12:23:08.438,-81.97,-82.87,21.51
2021-04-05T12:23:08.500,-81.78,-83.06,21.66
2021-04-05T12:23:08.563,-82.60,-82.67,21.96
2021-04-05T12:23:08.625,-81.85,-82.97,21.07
2021-04-05T12:23:08.688,-80.66,-82.76,20.21
2021-04-05T12:23:08.750,-81.18,-82.70,20.75
2021-04-05T12:23:08.813,-82.03,-82.80,21.92
2021-04-05T12:23:08.875,-80.98,-82.89,20.57
2021-04-05T12:23:08.938,-80.66,-82.80,19.85
2021-04-05T12:23:09.000,-80.52,-82.91,21.16
2021-04-05T12:23:09.063,-81.51,-82.82,20.56
2021-04-05T12:23:09.125,-80.91,-82.94,20.26
2021-04-05T12:23:09.188,-81.63,-82.75,20.93
2021-04-05T12:23:09.250,-81.45,-82.88,20.72
2021-04-05T12:23:09.313,-81.63,-82.73,21.38
2021-04-05T12:23:09.375,-81.63,-82.74,20.98
2021-04-05T12:23:09.438,-82.15,-82.65,21.62
2021-04-05T12:23:09.500,-81.97,-82.85,21.80
2021-04-05T12:23:09.563,-81.63,-82.73,21.05
2021-04-05T12:23:09.625,-81.44,-82.90,21.31
2021-04-05T12:23:09.688,-82.49,-82.83,22.33
2021-04-05T12:23:09.750,-81.18,-82.72,20.79
2021-04-05T12:23:09.813,-80.52,-82.89,21.08
2021-04-05T12:23:09.875,-81.91,-82.93,22.01
2021-04-05T12:23:09.938,-81.97,-82.85,21.89
2021-04-05T12:23:10.000,-81.57,-82.80,20.86
2021-04-05T12:23:10.063,-81.18,-82.70,20.77
2021-04-05T12:23:10.125,-81.51,-82.85,21.08
2021-04-05T12:23:10.188,-81.97,-82.88,22.03
2021-04-05T12:23:10.250,-81.97,-82.85,21.01
2021-04-05T12:23:10.313,-80.84,-83.02,20.85
2021-04-05T12:23:10.375,-82.43,-82.89,22.44
2021-04-05T12:23:10.438,-81.44,-82.95,21.10
2021-04-05T12:23:10.500,-81.85,-82.97,21.85
2021-04-05T12:23:10.563,-81.63,-82.75,21.36
2021-04-05T12:23:10.625,-82.54,-82.74,22.35
2021-04-05T12:23:10.688,-82.03,-82.81,21.41
2021-04-05T12:23:10.750,-81.91,-82.88,21.61
2021-04-05T12:23:10.813,-81.63,-82.72,21.01
2021-04-05T12:23:10.875,-81.91,-82.90,21.51
2021-04-05T12:23:10.938,-81.97,-82.85,22.05
2021-04-05T12:23:11.000,-82.43,-82.85,22.48
2021-04-05T12:23:11.063,-80.52,-82.90,20.41
2021-04-05T12:23:11.125,-81.38,-82.96,21.07
2021-04-05T12:23:11.188,-81.45,-82.88,21.10
2021-04-05T12:23:11.250,-81.51,-82.84,21.64
2021-04-05T12:23:11.313,-81.51,-82.85,21.73
2021-04-05T12:23:11.375,-81.97,-82.86,21.37
2021-04-05T12:23:11.438,-81.63,-82.74,21.21
2021-04-05T12:23:11.500,-82.60,-82.70,21.62
2021-04-05T12:23:11.563,-81.12,-82.77,20.75
2021-04-05T12:23:11.625,-80.52,-82.88,19.76
2021-04-05T12:23:11.688,-82.38,-82.93,22.70
2021-04-05T12:23:11.750,-82.03,-82.80,21.54
2021-04-05T12:23:11.813,-82.03,-82.77,22.46
2021-04-05T12:23:11.875,-81.58,-82.75,21.61
2021-04-05T12:23:11.938,-82.55,-82.72,21.74
2021-04-05T12:23:12.000,-81.57,-82.79,20.77
2021-04-05T12:23:12.063,-82.32,-82.97,21.86
2021-04-05T12:23:12.125,-81.51,-82.82,21.47
2021-04-05T12:23:12.188,-82.03,-82.80,21.55
2021-04-05T12:23:12.250,-83.00,-82.76,22.26
2021-04-05T12:23:12.313,-82.90,-82.86,22.42
2021-04-05T12:23:12.375,-76.09,84.28,157.86
2021-04-05T12:23:12.438,-82.43,-82.88,21.95
2021-04-05T12:23:12.500,-81.57,-82.79,20.77
2021-04-05T12:23:12.563,-82.03,-82.78,21.38
2021-04-05T12:23:12.625,-82.90,-82.88,21.86
2021-04-05T12:23:12.688,-80.52,-82.89,20.05
2021-04-05T12:23:12.750,-80.37,-83.01,20.67
2021-04-05T12:23:12.813,-81.57,-82.79,21.13
2021-04-05T12:23:12.875,-81.38,-82.95,21.01
2021-04-05T12:23:12.938,-80.59,-82.82,19.50
2021-04-05T12:23:13.000,-81.57,-82.77,20.50
2021-04-05T12:23:13.063,-81.57,-82.80,22.13
2021-04-05T12:23:13.125,-81.91,-82.92,21.47
2021-04-05T12:23:13.188,-82.03,-82.80,21.65
2021-04-05T12:23:13.250,-81.57,-82.77,21.23
2021-04-05T12:23:13.313,-81.51,-82.84,21.22
2021-04-05T12:23:13.375,-81.05,-82.83,20.32
2021-04-05T12:23:13.438,-80.91,-82.95,20.41
2021-04-05T12:23:13.500,-80.98,-82.89,20.66
2021-04-05T12:23:13.563,-81.57,-82.80,21.18
2021-04-05T12:23:13.625,-81.91,-82.90,20.83
2021-04-05T12:23:13.688,-82.03,-82.81,21.51
2021-04-05T12:23:13.750,-82.03,-82.79,21.83
2021-04-05T12:23:13.813,-80.84,-83.05,21.52
2021-04-05T12:23:13.875,-81.44,-82.90,21.45
2021-04-05T12:23:13.938,-82.03,-82.82,20.94
2021-04-05T12:23:14.000,-81.69,-82.69,20.81
2021-04-05T12:23:14.063,-81.97,-82.82,21.18
2021-04-05T12:23:14.125,-81.51,-82.83,21.12
2021-04-05T12:23:14.188,-82.03,-82.80,21.92
2021-04-05T12:23:14.250,-80.91,-82.97,21.63
2021-04-05T12:23:14.313,-82.09,-82.72,21.49
2021-04-05T12:23:14.375,-80.70,-83.12,20.53
2021-04-05T12:23:14.438,-81.51,-82.85,20.98
2021-04-05T12:23:14.500,-81.51,-82.86,21.11
2021-04-05T12:23:14.563,-82.90,-82.88,21.31
2021-04-05T12:23:14.625,-82.09,-82.75,21.85
2021-04-05T12:23:14.688,-80.98,-82.90,21.30
2021-04-05T12:23:14.750,-80.73,-82.74,20.12
2021-04-05T12:23:14.813,-81.11,-82.80,21.11
2021-04-05T12:23:14.875,-81.93,-82.44,22.23
2021-04-05T12:23:14.938,-144.47,-83.25,79.65
2021-04-05T12:23:15.000,-77.62,-79.12,21.03
2021-04-05T12:23:15.063,-147.97,-78.70,88.35
2021-04-05T12:23:15.125,-129.27,-76.60,74.28
2021-04-05T12:23:15.188,-168.75,-72.00,114.15
2021-04-05T12:23:15.250,-166.25,-67.02,113.25
2021-04-05T12:23:15.313,-163.98,-57.43,109.46
2021-04-05T12:23:15.375,-179.43,-49.49,126.14
2021-04-05T12:23:15.438,-172.77,-42.97,120.86
2021-04-05T12:23:15.500,-174.07,-32.90,122.40
2021-04-05T12:23:15.563,-176.98,-27.09,126.48
2021-04-05T12:23:15.625,-173.32,-21.80,125.78
2021-04-05T12:23:15.688,175.03,-13.25,136.33
2021-04-05T12:23:15.750,-175.47,-7.55,127.66
2021-04-05T12:23:15.813,-176.63,-0.31,126.93
2021-04-05T12:23:15.875,-177.48,-0.47,129.11
2021-04-05T12:23:15.938,-179.27,4.93,125.94
2021-04-05T12:23:16.000,-178.46,3.66,125.84
2021-04-05T12:23:16.063,178.49,1.65,130.02
2021-04-05T12:23:16.125,-176.92,3.67,126.09
2021-04-05T12:23:16.188,177.01,4.56,129.85
2021-04-05T12:23:16.250,-179.44,5.74,127.14
2021-04-05T12:23:16.313,174.91,3.78,130.32
2021-04-05T12:23:16.375,-179.79,4.54,127.09
2021-04-05T12:23:16.438,177.87,4.74,129.19
2021-04-05T12:23:16.500,178.29,5.98,127.84
2021-04-05T12:23:16.563,179.98,5.71,126.28
2021-04-05T12:23:16.625,178.48,7.67,125.77
2021-04-05T12:23:16.688,178.11,5.77,127.14
2021-04-05T12:23:16.750,-179.03,4.24,127.10
2021-04-05T12:23:16.813,179.04,5.41,126.30
2021-04-05T12:23:16.875,177.15,2.98,129.05
2021-04-05T12:23:16.938,178.38,2.80,128.35
2021-04-05T12:23:17.000,178.15,3.78,128.30
2021-04-05T12:23:17.063,179.04,4.68,126.86
2021-04-05T12:23:17.125,178.75,4.84,127.30
2021-04-05T12:23:17.188,178.86,4.28,128.00
2021-04-05T12:23:17.250,178.56,3.94,128.21
2021-04-05T12:23:17.313,177.85,3.39,129.48
2021-04-05T12:23:17.375,178.98,4.57,128.44
2021-04-05T12:23:17.438,-179.43,7.23,125.05
2021-04-05T12:23:17.500,179.62,5.14,127.32
2021-04-05T12:23:17.563,178.69,4.27,127.87
2021-04-05T12:23:17.625,178.03,3.43,128.80
2021-04-05T12:23:17.688,178.81,4.67,127.07
2021-04-05T12:23:17.750,179.34,5.23,126.08
2021-04-05T12:23:17.813,178.00,1.31,129.12
2021-04-05T12:23:17.875,176.02,1.91,130.10
2021-04-05T12:23:17.938,177.75,3.99,126.96
2021-04-05T12:23:18.000,178.45,3.94,128.34
2021-04-05T12:23:18.063,178.21,4.01,127.71
2021-04-05T12:23:18.125,178.86,4.74,127.77
2021-04-05T12:23:18.188,179.45,5.35,127.19
2021-04-05T12:23:18.250,179.16,4.90,127.70
2021-04-05T12:23:18.313,178.92,4.86,127.42
2021-04-05T12:23:18.375,179.21,5.02,126.83
2021-04-05T12:23:18.438,178.80,4.44,126.49
2021-04-05T12:23:18.500,175.23,1.23,131.07
2021-04-05T12:23:18.563,178.86,3.53,127.50
2021-04-05T12:23:18.625,177.68,2.97,128.62
2021-04-05T12:23:18.688,179.63,5.09,126.14
2021-04-05T12:23:18.750,178.39,3.82,127.45
2021-04-05T12:23:18.813,177.26,2.99,127.99
2021-04-05T12:23:18.875,177.45,3.15,127.31
2021-04-05T12:23:18.938,177.86,3.48,128.13
2021-04-05T12:23:19.000,178.33,3.88,127.03
2021-04-05T12:23:19.063,178.39,3.93,127.27
2021-04-05T12:23:19.125,177.97,3.78,127.32
2021-04-05T12:23:19.188,177.33,3.38,127.94
2021-04-05T12:23:19.250,179.15,4.21,126.48
2021-04-05T12:23:19.313,177.50,3.32,128.33
2021-04-05T12:23:19.375,177.98,3.65,128.03
2021-04-05T12:23:19.438,178.62,4.11,127.52
2021-04-05T12:23:19.500,177.33,3.15,128.55
2021-04-05T12:23:19.563,178.10,3.48,127.61
2021-04-05T12:23:19.625,178.21,3.48,127.88
2021-04-05T12:23:19.688,178.45,3.58,127.56
2021-04-05T12:23:19.750,178.21,3.77,127.80
2021-04-05T12:23:19.813,178.27,3.77,127.45
2021-04-05T12:23:19.875,178.68,3.76,127.33
2021-04-05T12:23:19.938,177.51,3.15,128.65
2021-04-05T12:23:20.000,177.45,3.31,128.08
2021-04-05T12:23:20.063,176.91,2.87,128.48
2021-04-05T12:23:20.125,178.74,3.59,126.97
2021-04-05T12:23:20.188,178.15,3.78,127.54
2021-04-05T12:23:20.250,177.98,3.36,128.85
2021-04-05T12:23:20.313,177.39,3.32,128.56
2021-04-05T12:23:20.375,177.69,3.42,128.18
2021-04-05T12:23:20.438,178.39,3.77,127.21
2021-04-05T12:23:20.500,177.98,3.54,127.92
2021-04-05T12:23:20.563,176.68,3.05,128.88
2021-04-05T12:23:20.625,177.27,3.32,128.92
2021-04-05T12:23:20.688,178.21,4.11,127.25
2021-04-05T12:23:20.750,177.75,3.71,128.20
2021-04-05T12:23:20.813,177.51,3.43,128.54
2021-04-05T12:23:20.875,179.16,4.42,127.06
2021-04-05T12:23:20.938,178.03,3.78,127.84
2021-04-05T12:23:21.000,177.57,3.54,127.66
2021-04-05T12:23:21.063,176.93,3.20,128.01
2021-04-05T12:23:21.125,-179.78,5.59,125.19
2021-04-05T12:23:21.188,175.63,2.76,130.00
2021-04-05T12:23:21.250,178.04,3.83,127.67
2021-04-05T12:23:21.313,179.16,4.15,127.27
2021-04-05T12:23:21.375,178.10,3.59,127.71
2021-04-05T12:23:21.438,177.63,3.60,127.67
2021-04-05T12:23:21.500,178.63,3.70,127.59
2021-04-05T12:23:21.563,177.92,3.66,127.29
2021-04-05T12:23:21.625,178.74,3.99,127.57
2021-04-05T12:23:21.688,176.91,3.05,129.05
2021-04-05T12:23:21.750,176.84,3.23,129.19
2021-04-05T12:23:21.813,179.57,4.87,125.90
2021-04-05T12:23:21.875,177.09,3.16,129.52
2021-04-05T12:23:21.938,177.98,3.42,128.80
2021-04-05T12:23:22.000,177.40,2.97,128.65
2021-04-05T12:23:22.063,178.10,3.59,127.57
2021-04-05T12:23:22.125,178.51,3.88,127.39
2021-04-05T12:23:22.188,177.92,3.65,127.54
2021-04-05T12:23:22.250,178.39,3.59,128.07
2021-04-05T12:23:22.313,177.98,3.82,127.95
2021-04-05T12:23:22.375,178.09,3.43,127.77
2021-04-05T12:23:22.438,177.86,3.43,128.36
2021-04-05T12:23:22.500,178.45,3.94,127.32
2021-04-05T12:23:22.563,178.04,3.42,128.46
2021-04-05T12:23:22.625,177.57,3.26,128.62
2021-04-05T12:23:22.688,178.39,3.88,127.03
2021-04-05T12:23:22.750,177.74,3.31,128.51
2021-04-05T12:23:22.813,177.86,3.37,128.83
2021-04-05T12:23:22.875,178.63,3.75,127.57
2021-04-05T12:23:22.938,177.56,3.61,127.94
2021-04-05T12:23:23.000,178.39,3.99,127.41
2021-04-05T12:23:23.063,178.10,3.59,128.11
2021-04-05T12:23:23.125,177.98,3.48,127.97
2021-04-05T12:23:23.188,178.04,3.54,128.32
2021-04-05T12:23:23.250,178.21,3.66,127.59
2021-04-05T12:23:23.313,178.21,3.77,127.32
2021-04-05T12:23:23.375,178.33,3.82,127.49
2021-04-05T12:23:23.438,178.21,3.60,128.08
2021-04-05T12:23:23.500,177.92,3.72,128.08
2021-04-05T12:23:23.563,177.86,3.71,127.86
2021-04-05T12:23:23.625,178.10,3.71,127.71
2021-04-05T12:23:23.688,178.26,3.61,128.28
2021-04-05T12:23:23.750,178.39,3.64,128.17
2021-04-05T12:23:23.813,178.22,3.70,127.66
2021-04-05T12:23:23.875,178.10,3.71,128.14
2021-04-05T12:23:23.938,178.16,3.82,128.00
2021-04-05T12:23:24.000,178.09,3.60,128.38
2021-04-05T12:23:24.063,178.22,3.71,128.22
2021-04-05T12:23:24.125,178.10,3.76,127.96
2021-04-05T12:23:24.188,178.04,3.25,128.64
2021-04-05T12:23:24.250,177.92,3.60,128.29
2021-04-05T12:23:24.313,177.92,3.54,127.92
2021-04-05T12:23:24.375,178.04,3.83,128.23
2021-04-05T12:23:24.438,178.15,3.71,127.15
2021-04-05T12:23:24.500,178.22,3.82,127.83
2021-04-05T12:23:24.563,178.04,3.65,129.05
2021-04-05T12:23:24.625,177.92,3.54,128.09
2021-04-05T12:23:24.688,177.86,3.72,127.73
2021-04-05T12:23:24.750,178.10,3.71,128.17
2021-04-05T12:23:24.813,178.09,3.55,128.52
2021-04-05T12:23:24.875,178.15,3.60,127.97
2021-04-05T12:23:24.938,178.16,3.71,128.19
2021-04-05T12:23:25.000,177.91,3.61,127.79
2021-04-05T12:23:25.063,178.16,3.42,128.48
2021-04-05T12:23:25.125,178.27,3.59,128.11
2021-04-05T12:23:25.188,178.16,3.65,128.45
2021-04-05T12:23:25.250,178.27,3.60,128.00
2021-04-05T12:23:25.313,177.81,3.42,128.24
2021-04-05T12:23:25.375,178.04,3.65,128.06
2021-04-05T12:23:25.438,178.21,3.60,128.21
2021-04-05T12:23:25.500,177.97,3.66,128.43
2021-04-05T12:23:25.563,178.10,3.54,128.26
2021-04-05T12:23:25.625,178.10,3.54,128.25
2021-04-05T12:23:25.688,178.10,3.47,128.32
2021-04-05T12:23:25.750,178.10,3.59,127.97
2021-04-05T12:23:25.813,177.92,3.54,127.91
2021-04-05T12:23:25.875,177.98,3.59,128.54
2021-04-05T12:23:25.938,178.10,3.65,128.14
2021-04-05T12:23:26.000,177.98,3.49,128.63
2021-04-05T12:23:26.063,178.10,3.65,128.14
2021-04-05T12:23:26.125,178.15,3.61,127.33
2021-04-05T12:23:26.188,178.22,3.59,128.45
2021-04-05T12:23:26.250,178.04,3.76,128.31
2021-04-05T12:23:26.313,178.04,3.48,128.77
2021-04-05T12:23:26.375,178.10,3.48,127.81
2021-04-05T12:23:26.438,177.97,3.49,128.64
2021-04-05T12:23:26.500,177.86,3.49,128.36
2021-04-05T12:23:26.563,178.04,3.65,128.38
2021-04-05T12:23:26.625,178.22,3.76,128.74
2021-04-05T12:23:26.688,178.27,3.82,127.82
2021-04-05T12:23:26.750,178.10,3.76,127.84
2021-04-05T12:23:26.813,178.03,3.49,128.40
2021-04-05T12:23:26.875,177.98,3.43,128.12
2021-04-05T12:23:26.938,178.21,3.82,127.84
2021-04-05T12:23:27.000,178.15,3.43,128.73
2021-04-05T12:23:27.063,178.21,3.60,128.21
2021-04-05T12:23:27.125,177.81,3.42,128.80
2021-04-05T12:23:27.188,178.27,3.82,128.12
2021-04-05T12:23:27.250,177.92,3.37,128.34
2021-04-05T12:23:27.313,178.39,3.65,127.79
2021-04-05T12:23:27.375,178.27,3.59,128.18
2021-04-05T12:23:27.438,178.04,3.71,128.56
2021-04-05T12:23:27.500,178.09,3.60,127.63
2021-04-05T12:23:27.563,178.10,3.54,127.72
2021-04-05T12:23:27.625,177.98,3.54,128.51
2021-04-05T12:23:27.688,177.86,3.83,128.31
2021-04-05T12:23:27.750,177.92,3.65,128.17
2021-04-05T12:23:27.813,178.09,3.83,127.86
2021-04-05T12:23:27.875,178.27,3.82,128.39
2021-04-05T12:23:27.938,178.22,3.65,127.70
2021-04-05T12:23:28.000,178.04,3.60,128.46
2021-04-05T12:23:28.063,177.80,3.49,128.39
2021-04-05T12:23:28.125,178.33,3.70,128.39
2021-04-05T12:23:28.188,179.20,2.95,128.01
2021-04-05T12:23:28.250,176.61,3.74,129.65
2021-04-05T12:23:28.313,178.38,2.91,129.02
2021-04-05T12:23:28.375,179.58,5.72,126.01
2021-04-05T12:23:28.438,177.07,1.49,130.07
2021-04-05T12:23:28.500,179.63,5.11,126.33
2021-04-05T12:23:28.563,176.48,1.85,130.42
2021-04-05T12:23:28.625,179.57,4.59,126.26
2021-04-05T12:23:28.688,177.61,2.29,129.89
2021-04-05T12:23:28.750,177.60,2.36,129.83
2021-04-05T12:23:28.813,-179.90,6.10,125.42
2021-04-05T12:23:28.875,177.44,2.98,129.21
2021-04-05T12:23:28.938,178.39,3.81,127.38
2021-04-05T12:23:29.000,177.45,3.31,128.15
2021-04-05T12:23:29.063,178.33,3.54,128.04
2021-04-05T12:23:29.125,176.67,2.94,129.81
2021-04-05T12:23:29.188,178.92,4.05,127.83
2021-04-05T12:23:29.250,177.80,3.89,128.19
2021-04-05T12:23:29.313,179.10,4.50,127.16
2021-04-05T12:23:29.375,176.62,2.41,129.37
2021-04-05T12:23:29.438,178.53,4.87,126.88
2021-04-05T12:23:29.500,177.65,1.49,129.72
2021-04-05T12:23:29.563,178.04,3.36,128.44
2021-04-05T12:23:29.625,178.92,3.53,127.40
2021-04-05T12:23:29.688,176.71,3.65,129.36
2021-04-05T12:23:29.750,178.28,6.93,124.84
2021-04-05T12:23:29.813,177.22,3.20,127.87
2021-04-05T12:23:29.875,177.10,2.08,127.19
2021-04-05T12:23:29.938,-178.60,-4.34,125.76
2021-04-05T12:23:30.000,-178.64,-11.08,125.61
2021-04-05T12:23:30.063,178.92,-18.34,126.16
2021-04-05T12:23:30.125,-179.44,-20.23,121.38
2021-04-05T12:23:30.188,-175.38,-32.27,121.61
2021-04-05T12:23:30.250,-172.64,-37.94,118.26
2021-04-05T12:23:30.313,-172.85,-44.96,118.45
2021-04-05T12:23:30.375,-170.03,-50.27,114.39
2021-04-05T12:23:30.438,-169.24,-58.20,114.92
2021-04-05T12:23:30.500,-158.43,-58.67,98.37
2021-04-05T12:23:30.563,-170.25,-68.57,112.29
2021-04-05T12:23:30.625,-162.30,-76.55,104.86
2021-04-05T12:23:30.688,-123.48,-80.72,66.45
2021-04-05T12:23:30.750,-134.74,-80.34,74.66
2021-04-05T12:23:30.813,-81.76,-84.98,28.22
2021-04-05T12:23:30.875,-110.47,-83.29,51.96
2021-04-05T12:23:30.938,-62.74,-81.39,8.69
2021-04-05T12:23:31.000,-81.89,-82.11,25.57
2021-04-05T12:23:31.063,-82.03,-82.80,25.72
2021-04-05T12:23:31.125,-80.98,-82.92,23.99
2021-04-05T12:23:31.188,-80.50,-83.67,25.18
2021-04-05T12:23:31.250,-83.26,-81.32,25.46
2021-04-05T12:23:31.313,-70.72,-85.88,16.74
2021-04-05T12:23:31.375,-85.28,-79.44,27.60
2021-04-05T12:23:31.438,-75.57,-84.94,18.91
2021-04-05T12:23:31.500,-83.97,-80.82,26.48
2021-04-05T12:23:31.563,-78.58,-84.17,22.60
2021-04-05T12:23:31.625,-83.52,-82.08,26.88
2021-04-05T12:23:31.688,-80.50,-83.67,24.12
2021-04-05T12:23:31.750,-82.32,-82.49,25.27
2021-04-05T12:23:31.813,-80.63,-83.17,24.12
2021-04-05T12:23:31.875,-80.30,-83.05,24.35
2021-04-05T12:23:31.938,-81.31,-83.03,25.19
2021-04-05T12:23:32.000,-81.97,-82.88,25.89
2021-04-05T12:23:32.063,-81.38,-82.98,24.63
2021-04-05T12:23:32.125,-80.77,-83.07,24.45
2021-04-05T12:23:32.188,-81.79,-83.02,25.25
2021-04-05T12:23:32.250,-80.77,-83.07,24.21
2021-04-05T12:23:32.313,-80.77,-83.07,24.38
2021-04-05T12:23:32.375,-80.37,-82.99,23.91
2021-04-05T12:23:32.438,-81.44,-82.92,24.96
2021-04-05T12:23:32.500,-79.82,-83.06,23.02
2021-04-05T12:23:32.563,-79.74,-83.10,23.00
2021-04-05T12:23:32.625,-80.14,-83.18,24.78
2021-04-05T12:23:32.688,-80.44,-82.96,24.01
2021-04-05T12:23:32.750,-80.37,-82.98,24.94
2021-04-05T12:23:32.813,-80.52,-82.87,27.45
2021-04-05T12:23:32.875,-80.91,-82.99,26.88
2021-04-05T12:23:32.938,-81.72,-83.07,26.32
2021-04-05T12:23:33.000,-81.72,-83.06,26.58
2021-04-05T12:23:33.063,-82.32,-82.96,28.08
2021-04-05T12:23:33.125,-81.91,-82.90,28.06
2021-04-05T12:23:33.188,-79.98,-82.93,25.37
2021-04-05T12:23:33.250,-80.98,-82.89,25.84
2021-04-05T12:23:33.313,-80.30,-83.07,25.30
2021-04-05T12:23:33.375,-80.14,-83.15,25.80
2021-04-05T12:23:33.438,-81.31,-83.03,26.84
2021-04-05T12:23:33.500,-81.75,-82.69,27.04
2021-04-05T12:23:33.563,-80.77,-83.09,26.73
2021-04-05T12:23:33.625,-80.37,-83.02,25.63
2021-04-05T12:23:33.688,-80.44,-82.97,25.54
2021-04-05T12:23:33.750,-81.24,-83.10,26.15
2021-04-05T12:23:33.813,-81.85,-82.98,25.39
2021-04-05T12:23:33.875,-82.84,-82.94,28.19
2021-04-05T12:23:33.938,-81.85,-82.97,27.26
2021-04-05T12:23:34.000,-81.78,-83.05,27.15
2021-04-05T12:23:34.063,-81.85,-82.99,27.73
2021-04-05T12:23:34.125,-81.31,-83.02,27.85
2021-04-05T12:23:34.188,-81.38,-82.96,28.83
2021-04-05T12:23:34.250,-81.38,-82.97,27.83
2021-04-05T12:23:34.313,-81.31,-83.03,28.33
2021-04-05T12:23:34.375,-81.31,-83.02,27.54
2021-04-05T12:23:34.438,-80.84,-83.04,27.60
2021-04-05T12:23:34.500,-81.38,-82.99,26.65
2021-04-05T12:23:34.563,-81.25,-83.08,27.18
2021-04-05T12:23:34.625,-81.85,-82.96,27.23
2021-04-05T12:23:34.688,-81.91,-82.93,27.81
2021-04-05T12:23:34.750,-80.30,-83.06,26.66
2021-04-05T12:23:34.813,-81.44,-82.91,28.41
2021-04-05T12:23:34.875,-80.84,-83.02,27.32
2021-04-05T12:23:34.938,-82.32,-82.98,27.89
2021-04-05T12:23:35.000,-82.79,-82.98,28.26
2021-04-05T12:23:35.063,-81.72,-83.08,27.17
2021-04-05T12:23:35.125,-80.22,-83.16,26.82
2021-04-05T12:23:35.188,-81.91,-82.90,28.12
2021-04-05T12:23:35.250,-81.38,-82.98,27.05
2021-04-05T12:23:35.313,-81.25,-83.06,27.69
2021-04-05T12:23:35.375,-80.37,-83.02,27.15
2021-04-05T12:23:35.438,-81.44,-82.90,27.11
2021-04-05T12:23:35.500,-81.38,-82.98,26.94
2021-04-05T12:23:35.563,-81.38,-82.98,28.08
2021-04-05T12:23:35.625,-81.38,-82.97,27.38
2021-04-05T12:23:35.688,-81.38,-82.98,27.14
2021-04-05T12:23:35.750,-81.72,-83.09,27.42
2021-04-05T12:23:35.813,-80.84,-83.04,26.69
2021-04-05T12:23:35.875,-80.77,-83.09,26.56
2021-04-05T12:23:35.938,-81.97,-82.86,28.14
2021-04-05T12:23:36.000,-80.37,-83.00,26.49
2021-04-05T12:23:36.063,-81.85,-82.98,27.29
2021-04-05T12:23:36.125,-81.66,-83.15,26.81
2021-04-05T12:23:36.188,-81.38,-82.96,27.59
2021-04-05T12:23:36.250,-80.37,-83.01,26.32
2021-04-05T12:23:36.313,-81.78,-83.05,27.81
2021-04-05T12:23:36.375,-81.85,-82.99,27.66
2021-04-05T12:23:36.438,-81.85,-82.98,28.17
2021-04-05T12:23:36.500,-81.31,-83.03,26.73
2021-04-05T12:23:36.563,-79.82,-83.07,25.20
2021-04-05T12:23:36.625,-82.20,-83.09,27.99
2021-04-05T12:23:36.688,-81.31,-83.05,26.91
2021-04-05T12:23:36.750,-80.91,-82.99,27.11
2021-04-05T12:23:36.813,-80.70,-83.14,26.67
2021-04-05T12:23:36.875,-82.20,-83.11,28.60
2021-04-05T12:23:36.938,-82.84,-82.92,28.80
2021-04-05T12:23:37.000,-79.35,-83.06,25.64
2021-04-05T12:23:37.063,-81.25,-83.07,26.48
2021-04-05T12:23:37.125,-80.91,-82.96,26.51
2021-04-05T12:23:37.188,-81.18,-83.12,27.38
2021-04-05T12:23:37.250,-81.25,-83.08,27.60
2021-04-05T12:23:37.313,-81.31,-83.00,26.95
2021-04-05T12:23:37.375,-81.25,-83.05,26.92
2021-04-05T12:23:37.438,-81.38,-82.95,27.38
2021-04-05T12:23:37.500,-80.98,-82.90,26.72
2021-04-05T12:23:37.563,-80.91,-82.98,27.12
2021-04-05T12:23:37.625,-80.77,-83.07,27.27
2021-04-05T12:23:37.688,-79.90,-83.01,26.20
2021-04-05T12:23:37.750,-81.51,-82.84,26.98
2021-04-05T12:23:37.813,-81.31,-83.03,27.69
2021-04-05T12:23:37.875,-82.26,-83.04,27.64
2021-04-05T12:23:37.938,-80.77,-83.07,27.90
2021-04-05T12:23:38.000,-80.84,-83.01,27.24
2021-04-05T12:23:38.063,-81.72,-83.10,28.13
2021-04-05T12:23:38.125,-80.30,-83.04,25.48
2021-04-05T12:23:38.188,-80.84,-83.02,26.29
2021-04-05T12:23:38.250,-80.70,-83.13,26.74
2021-04-05T12:23:38.313,-81.57,-82.83,27.27
2021-04-05T12:23:38.375,-80.62,-83.19,26.76
2021-04-05T12:23:38.438,-82.74,-83.04,29.02
2021-04-05T12:23:38.500,-82.32,-83.00,27.17
2021-04-05T12:23:38.563,-81.38,-83.00,27.08
2021-04-05T12:23:38.625,-80.37,-83.02,26.39
2021-04-05T12:23:38.688,-80.29,-83.08,26.31
2021-04-05T12:23:38.750,-81.72,-83.11,27.32
2021-04-05T12:23:38.813,-81.85,-82.97,27.55
2021-04-05T12:23:38.875,-81.72,-83.08,26.86
2021-04-05T12:23:38.938,-81.31,-83.03,26.65
2021-04-05T12:23:39.000,-82.38,-82.93,28.10
2021-04-05T12:23:39.063,-80.70,-83.13,26.84
2021-04-05T12:23:39.125,-80.84,-82.99,26.87
2021-04-05T12:23:39.188,-81.78,-83.04,27.36
2021-04-05T12:23:39.250,-80.45,-82.94,26.72
2021-04-05T12:23:39.313,-80.98,-82.90,27.18
2021-04-05T12:23:39.375,-80.70,-83.15,26.96
2021-04-05T12:23:39.438,-80.84,-83.02,26.77
2021-04-05T12:23:39.500,-81.24,-83.09,27.36
2021-04-05T12:23:39.563,-80.37,-82.99,26.14
2021-04-05T12:23:39.625,-82.79,-82.98,28.91
2021-04-05T12:23:39.688,-80.77,-83.07,26.09
2021-04-05T12:23:39.750,-80.22,-83.12,25.91
2021-04-05T12:23:39.813,-80.77,-83.08,27.17
2021-04-05T12:23:39.875,-80.98,-82.90,26.73
2021-04-05T12:23:39.938,-80.14,-83.19,26.56
2021-04-05T12:23:40.000,-81.38,-82.95,27.28
2021-04-05T12:23:40.063,-80.45,-82.94,26.60
2021-04-05T12:23:40.125,-81.66,-83.17,27.25
2021-04-05T12:23:40.188,-80.91,-82.97,27.60
2021-04-05T12:23:40.250,-81.25,-83.07,26.51
2021-04-05T12:23:40.313,-80.84,-83.02,27.31
2021-04-05T12:23:40.375,-80.45,-82.94,26.53
2021-04-05T12:23:40.438,-81.78,-83.06,28.08
2021-04-05T12:23:40.500,-79.82,-83.08,25.95
2021-04-05T12:23:40.563,-81.79,-83.02,27.81
2021-04-05T12:23:40.625,-79.82,-83.04,26.54
2021-04-05T12:23:40.688,-80.29,-83.07,26.90
2021-04-05T12:23:40.750,-80.98,-82.92,26.81
2021-04-05T12:23:40.813,-81.25,-83.08,27.35
2021-04-05T12:23:40.875,-80.98,-82.88,26.99
2021-04-05T12:23:40.938,-81.66,-83.15,28.35
2021-04-05T12:23:41.000,-81.44,-82.91,27.46
2021-04-05T12:23:41.063,-81.44,-82.92,28.06
2021-04-05T12:23:41.125,-80.98,-82.89,26.87
2021-04-05T12:23:41.188,-81.31,-83.04,27.96
2021-04-05T12:23:41.250,-81.72,-83.11,27.93
2021-04-05T12:23:41.313,-81.85,-82.94,28.35
2021-04-05T12:23:41.375,-81.31,-83.02,26.89
2021-04-05T12:23:41.438,-81.38,-82.95,27.34
2021-04-05T12:23:41.500,-81.85,-82.96,27.48
2021-04-05T12:23:41.563,-79.66,-83.15,25.62
2021-04-05T12:23:41.625,-81.38,-82.95,27.71
2021-04-05T12:23:41.688,-81.31,-83.04,26.84
2021-04-05T12:23:41.750,-80.29,-83.07,26.29
2021-04-05T12:23:41.813,-80.77,-83.07,26.61
2021-04-05T12:23:41.875,-82.38,-82.91,28.45
2021-04-05T12:23:41.938,-81.85,-82.98,27.56
2021-04-05T12:23:42.000,-81.85,-82.98,27.21
2021-04-05T12:23:42.063,-81.72,-83.08,28.04
2021-04-05T12:23:42.125,-81.25,-83.08,26.96
2021-04-05T12:23:42.188,-81.24,-83.10,26.32
2021-04-05T12:23:42.250,-81.31,-83.01,27.81
2021-04-05T12:23:42.313,-80.29,-83.07,27.41
2021-04-05T12:23:42.375,-81.31,-83.03,27.24
2021-04-05T12:23:42.438,-82.38,-82.93,27.70
2021-04-05T12:23:42.500,-81.38,-82.99,27.64
2021-04-05T12:23:42.563,-82.79,-82.98,28.19
2021-04-05T12:23:42.625,-80.84,-83.02,26.72
2021-04-05T12:23:42.688,-80.70,-83.12,26.02
2021-04-05T12:23:42.750,-81.31,-83.04,27.35
2021-04-05T12:23:42.813,-81.38,-82.95,27.06
2021-04-05T12:23:42.875,-82.26,-83.03,28.58
2021-04-05T12:23:42.938,-81.79,-83.03,27.70
2021-04-05T12:23:43.000,-81.66,-83.12,27.38
2021-04-05T12:23:43.063,-81.79,-83.03,27.89
2021-04-05T12:23:43.125,-81.44,-82.91,26.77
2021-04-05T12:23:43.188,-81.31,-83.03,26.73
2021-04-05T12:23:43.250,-80.52,-82.89,26.45
2021-04-05T12:23:43.313,-82.26,-83.04,27.96
2021-04-05T12:23:43.375,-80.77,-83.06,26.28
2021-04-05T12:23:43.438,-82.20,-83.11,28.36
2021-04-05T12:23:43.500,-80.44,-82.97,27.27
2021-04-05T12:23:43.563,-81.25,-83.08,26.90
2021-04-05T12:23:43.625,-81.85,-82.98,27.80
2021-04-05T12:23:43.688,-81.18,-83.14,26.29
2021-04-05T12:23:43.750,-80.62,-83.19,26.71
2021-04-05T12:23:43.813,-81.85,-82.94,28.36
2021-04-05T12:23:43.875,-80.91,-82.96,27.27
2021-04-05T12:23:43.938,-82.32,-82.97,28.73
2021-04-05T12:23:44.000,-81.38,-82.95,26.31
2021-04-05T12:23:44.063,-81.85,-82.95,26.01
2021-04-05T12:23:44.125,-81.38,-82.97,27.64
2021-04-05T12:23:44.188,-81.10,-83.22,28.01
2021-04-05T12:23:44.250,-81.38,-82.97,27.98
2021-04-05T12:23:44.313,-81.91,-82.88,27.87
2021-04-05T12:23:44.375,-80.37,-83.00,27.00
2021-04-05T12:23:44.438,-80.06,-82.84,26.62
2021-04-05T12:23:44.500,-80.84,-83.00,27.53
2021-04-05T12:23:44.563,-82.26,-83.04,28.61
2021-04-05T12:23:44.625,-80.70,-83.14,27.64
2021-04-05T12:23:44.688,-81.24,-83.09,27.54
2021-04-05T12:23:44.750,-80.77,-83.07,26.98
2021-04-05T12:23:44.813,-81.66,-83.17,27.79
2021-04-05T12:23:44.875,-81.31,-83.00,27.57
2021-04-05T12:23:44.938,-80.84,-83.03,26.84
